food_web_filename = 'Aleutian_Islands_252';
crc = 'crc_d3238790';
n = 40;
l = 39;
b0 = [6e-04 0.013 0.145 5.080883e-05 0.002018051 0.0301276278 0.147901371 0.022 0.004 0.00177255855 0.05 2.6 1.16249585 0.00395939359 2.72322822 13.5 0.7785101 2.7710433 0.674000144 6.078 1.109 1.23145437 1.799 2.4 0.396581262 0.5 2.82834983 5.073482 3.26228166 0.485993624 7.60467672 3.2229023 26.20839 8.117768 2.09269238 14.0769892 9.404567 17.186 12.9948387 70.7856691134704].';
p = [0 0 0 0.0112178827607482 0.16833154679943 0 0 0 0 0 0 0 0 0 0 0 0 0 0 0 0 0 0 0 0 0 0 0 0 0 0 0 0 0 0 0 0 2671.838676 126.6217082928 0].';
q = [0 0.000548246513090984 0.00661896779577532 0 1.39999994791829e-07 0.000111897385938927 0.000964297697605132 0.000384620402300589 8.75175162826885e-06 6.77572034630268e-07 0.000191369642301491 0.0146379065079809 0.00636565493243895 0 0 0 0 0 0 0.0238625589143666 0.0311038478989742 0.0126717408037294 0.0114285880964946 0.0106950513433912 0.00598211882911774 0.00206668772670697 0.00523227188620941 0 0.0907131707594481 0 0 0 0 0.146156870803031 0 0 0 0 0 1371.13566889525].';
r = [0.00518599156849917 0.11431266017689 0.794177967657295 0.00897327980876663 0.133613835029402 0.947162345799738 2.99923733867906 0.395768479502574 0.276006059276199 0.0924062624203829 0.0187572769295705 1.23991816318674 2.66907706428348 0.00378472576722783 5.77324409173711 13.7651401729803 1.65044173063515 1.70525589330809 1.71461364217056 7.87499356688767 0.52734288595912 0.862879148350548 1.26580577742953 3.53566385669353 0.334314947052459 0.649659475038354 3.35597070017304 9.13202171366972 3.91456930351484 0.583181827377247 16.1057633104706 19.7241796856256 110.468485870595 22.0559961862857 5.83413662028814 97.5535351304482 622.638939713584 445.306384333341 21.103618356133 0].';
F = [
0 0 6.47917886367424e-05 0 0.000649799975826645 0.00260165025701713 0.00195061511212699 0.000974520028166014 0.000194935804223375 6.493587078831e-05 0 0 0 0 0 0 0 0 0 0 0 0 0 0 0 0 0 0 0 0 0 0 0 0 0 0 0 0 0 0
0 0 0 0 0 0 0 0 0 0 0 0.000143916296714942 0.0228877747007699 0 0.00719745011436781 0.00215847294418338 0 0.00115044051324991 0 0.00158301798057341 0 0.0001440927955859 0.000141065274467867 0.000437547521068756 0 0 0 0.00431835400890395 0 0 0.00287609589923307 0 0.00287898304583212 0 0.0950016278128382 0.00143949007570437 0.00143949047790496 0 0 0
0 0 0 0 0 0 0 0 0 0 0 0 0.00192573529893469 0 0.145545802312729 0.135463774078783 0.0373999945465122 0.00182256577674038 0.00182438768274024 0.0890673616464952 0 0.00131893121074766 0 0.0022592442183327 0 0 0 0.0373989854623206 0 0 0 0 0 0 0.0119592968054815 0.330620017387672 0.216899772009838 0 0 0
0 0 0 0 0 0 0 0 0 0 0 0 0 0 0 0 0 0 0 0 0 0 0 0 0 0 0 0 0 0 0 0 0 0 0 0 0 0 0 0
0 0 0 0 0 0 0 0 0 0 0 0 0 0 0 0 0 0 0 0 0 0 0 0 0 0 0 0 0 0 0 0 0 0 0 0 0 0 0 0
0 0 0 0 0 0 0 0 0 0 0 0.00834150149193506 0.141836985483389 0 0 0.389618244025568 0 0 0.010727206374758 0.00595798441459879 0 0.0202827709351448 0 0.102650060641344 0 0.0166780480484235 0.0464277935425597 0.293202924562156 0.0762791927848007 0 0.0119071996597353 0 0 0 0.0691275711950309 0 0 0 0 0
0 0 0 0 0 0 0 0 0 0 0 0.0264461504234912 0.400559282146477 0 0 1.61301252074059 0.0188944022968888 0 0.0264521264016324 0.0982247561460596 0 0.0605224776423477 0 0.241211993628128 0 0.0377690030312759 0.101905026898964 0.612162157309234 0.177599746424175 0 0.0604015103776691 0 0 0 0.306074118380859 0 0 0 0 0
0 0 0 0 0 0 0 0 0 0 0 0 0.00999599264428518 0 0.0424831806750597 0.0504622041564887 0.017493082126538 0.0209707002285384 0.018492656511413 0.0379748602070315 0 0.00700422077367901 0.00293873787885159 0.0207623896229767 0 0 0.0129789684763498 0.0609742322306063 0 0 0.014979039270455 0.00499802620272947 0.00499802728768382 0.00499802637039269 0.16742539551283 0.000499802226285151 0 0 0 0
0 0 0 0 0 0 0 0 0 0 0 0 0 0 0 0.0138191211148351 0.013824001680508 0 0 0 0 0 0 0 0 0 0 0.103677215227421 0 0 0 0 0.207360219377609 0.00691200604402187 0 0 0 0 0 0
0 0 0 0 0 0 0 0 0 0 0 0 0.00359091991041697 0 0.0249048903957398 0.00254750759424867 0.0144795917602045 0.00381878873836806 0.00440178940903402 0 0.000115717960154088 0.000115952413246672 0 0.0041078028826326 0 0 0 0 0 0 0.00948909449506917 0 0.00127420534805086 0 0.0420466344398305 0.00301175415839148 0.00185338761531712 0 0 0
0 0.000217375872256468 0.000683458246439025 0 6.2313057681878e-05 0.00109150598990902 0 0.000124976919586285 0 0.000124541463934303 0.00250097025727607 0.00482816485634632 0.000685440147033417 0.000809972505778806 0.000218095703465551 0 0 0.000217877624232887 0.000124625941705421 0.000654113132086069 6.22491852250567e-05 0.000561377719806982 0.000213726596091404 0.000252542511550817 0.000478506906471237 0.00492015305673001 0.000342302682626658 0.00152662899470725 0.000747724477172561 0.00081005518657306 0.000466879720840432 6.23131123977153e-05 0.000186939397773316 0.00012462620897611 0.00688525148381344 0 0 0 0 0.00127741965690398
0 0 0 0 0 0 0 0 0 0 0 0.00619959121584282 0.0909475418435524 0 0.0186030002956025 0.0847170903587191 0.0186030022614649 0.041298663778275 0.0682109133613945 0.0681928634275731 0 0.0144834535796177 0.0830492661659915 0.0230371358062932 0.050792505147076 0.0289228398287075 0.0805144176839138 0.0537405565273155 0.0702749715338335 0.0144687389833884 0.0474933744400584 0.363792305904888 0.285246301777515 0.0847470741048497 0.28936564713975 0.124020006522349 0.00826800274494313 0 0 0.0475410616641319
0 0 0 0 0 0 0 0 0 0 0 0 0 0 0 0 0 0 0 0 0 0 0 0 0 0 0 0 0 0 0 0 0 0 0.50333573398375 2.26512311912533 0.503360867113751 0 1.76176202565662 0
0 0 0 0 0 0 0 0 0 0 0 0 9.88459020548502e-05 1.74413849338693e-05 0.000441901507021835 0 0.000261652231807626 0.00054020720152173 5.81448661468602e-05 5.81294798848343e-05 0 0 0 0 0 0 0 0 4.6513945503845e-05 0 0.000110364728100276 0.000180249451567769 0.000779143024297613 0 0.000575606349280272 0.00191878310091092 0.000732626443228986 0 0 0
0 0 0 0 0 0 0 0 0 0 0 0 0 0 0 0 0 0 0 0 0 0 0 0 0 0 0 0 0 0 0 0 0 0 0 8.94580547046979 0 0 0.993978314475353 0
0 0 0 0 0 0 0 0 0 0 0 0 0 0 0 0 0 0 0.229499708499216 1.17013878991369 0 0 0 0 0 0 0 0.0453993705717777 0 0 0.204098033912095 0.113501595440976 1.22581729685852 0.522107256542957 2.38341278005617 8.17210742978016 8.85311793919899 0 0 0.0227003194439258
0 0 0 0 0 0 0 0 0 0 0 0 0 0 0 0 0 0 0 0 0 0 0 0 0 0 0 0 0 0 0 0 0 0 0 2.55740613449681 0 0 0.28415620413818 0
0 0 0 0 0 0 0 0 0 0 0 0 0 0 0 0 0 0 0 0 0 0 0 0 0 0 0 0 0 0 0 0 0 0 0 2.59921113669539 0.0860132085560338 0 0 0
0 0 0 0 0 0 0 0 0 0 0 0 0 0 0 0 0 0 0 0 0 0 0 0 0 0 0 0.107242319468633 0 0 0.0031511101195819 0.312272962583414 0.34697006707843 0.0126170910326834 0 1.13869205988507 1.23332040945734 0 0 0
0 0 0 0 0 0 0 0 0 0 0 0 0 0 0 0.428307984488235 0 0 0.012241674451145 0.048953750261679 0 0 0 0 0 0 0 0.0122413611967339 0 0 3.04512739727965 0.501909822044846 0.991578149044239 0.0244834014088663 0.330509306368162 4.33355922790667 2.31368076813256 0 0 0.110175342905241
0 0 0 0 0 0 0 0 0 0 0 0 0 0 0 0 0 0 0 0 0 0 0 0 0 0 0 0 0 0.00226231918767423 0.0188341134666587 0.000754120634123329 0.0180988991478059 0 0.00377041298329235 0.133479207019819 0.576147891278746 0 0 0
0 0 0 0 0 0 0 0 0 0 0 0 0 0 0 0 0.00862018204790824 0 0.00862017005102607 0 0 0 0 0 0 0 0 0.00738852754396647 0 0 0.00123022035564476 0.461795788313844 0.290623507466352 0.0701929613783887 0.0147767170582808 0.225356111851727 0.141617347016381 0 0 0.00246291219457196
0 0 0 0 0 0 0 0 0 0 0 0 0 0 0 0 0 0 0 0 0 0 0 0 0 0 0 0 0 0 0 0 0.0370594392071883 0 0.179729185231077 1.6343200859507 0 0 0 0
0 0 0 0 0 0 0 0 0 0 0 0 0 0 0.0809467412862474 0.825365402089641 0.0323787039361014 0 0 0.226590635959545 0.0107818366040043 0 0.0105766861930561 0.0109353697956521 0 0 0.016169551907646 0.884994029038376 0.0809432517894166 0.0917379850431967 0.215641758058983 1.52719628418551 0.420923445317715 0.339976597283592 0.388525028723343 0.0215858011352211 0.00539645179159995 0 0 0.280615763978567
