food_web_filename = 'Alto_Golfo_de_California_242';
crc = 'crc_42723f79';
n = 29;
l = 28;
b0 = [0.0099 0.0015 0.474000037 0.0330000035 0.138000011 0.147000015 0.19 0.3456 0.330600023 0.294 0.264 0.02915 0.56340003 0.0899999961 1.50435 5.54 1.25323 0.0256000012 0.44975 3.18627548 22.9333916 3.628 3.3036 0.0729000047 2.886 39.45771 33.9506073 1.6099999 54.3709601269475].';
p = [0 0 0 0 0 0 0 0 0 0 0 0 0 0 0 0 0 0 0 0 0 0 0 0 0 0 2444.4437256 115.9199928 0].';
q = [0 0 0.1 0 0 0 0 0.408 0.416 0.124 0.125 0 0.688 0.1 2.06499982 2.77 0.25 0.0100000007 0.35 0 0 3.773 2.81499982 0.096 1.3 0 0 0.02 788.507287835948].';
r = [0.03564 0.0351 1.00488007 0.608388066 2.88740182 0.151410028 0.405840039 2.32588816 1.93731606 0.614459932 1.06127977 0.0692020953 6.349518 0.342 4.82896328 14.0161991 4.824434 0.106240012 1.85746741 18.7799072 311.894135 31.4547577 10.9349155 0.310554028 84.2711945 828.611938 407.4072876 19.3199988 0].';
F = [
0.0004944062 0 0 0 0 0.004202453 0 0.006180078 0.002818115 9.888125e-05 0 0 0 0.003757488 0.009739803 0.006130637 4.944062e-05 0.0004944062 0.0008899312 0.004696859 0 0.00791841 0.002029093 0 0 0 0 0 0
0.000675 0 0 0 0 0.00387 0 0.006885 0 0.0018 0 0 0 0 0 0.00711 0.006255 0 0 0.005355 0 0.00081 0.004095 0.008145 0 0 0 0 0
0 0.0001421858 0.001423281 0.002846563 0.002846563 0.02419578 0.002846563 0.1551376 0.09962969 0.04269844 0 0 0 0 0 0.5223443 0.2035292 0 0 0 0 0.2077991 0.1565609 0 0 0 0 0 0
0.001564286 0 0 0 0 0 0 0.1290536 0 0.0461464 0 0 0 0 0.02268213 0.1282715 0.1173214 0 0 0.05318573 0 0.1001143 0.1321822 0.03832497 0.01407857 0 0 0 0
0 0.0003649597 0 0.003649597 0.003649597 0.02554718 0.003649597 0.06934235 0.03284638 0.01094879 0 0 0 0 0.08759034 0.5693372 0.3211646 0 0 1.040135 0 0.9488953 0.5218924 0.01094879 0 0 0 0 0
0 0 0 0 0 0 0 0 0 0 0 0 0 0.0038073 0 0.07859356 0.08919961 0.00027195 0.0027195 0 0.01876455 0 0 0.0429681 0.008702401 0.02692305 0 0 0
0 0 0 0 0 0 0 0 0 0 0 0 0 0 0 0 0.06303255 0 0 0 0.03804667 0 0 0.08517912 0.1254972 0.2430444 0 0 0
0 0 0 0 0 0 0 0.05436288 0.004181761 0 0.01254528 0 0.1672704 0.004181761 0.01672704 1.003622 0.104544 0.0209088 0.1338163 0.1839974 0.2759962 0.1379981 0.1672704 0 1.246164 0 0 0 0.6481728
0 0 0 0 0 0 0 0 0 0 0.2257064 0.04042502 0.3570877 0 0.3166627 0.3773002 0 0 0.04042502 0 0.5861628 0 0.01347501 0 0.7310191 0 0 0 0.6838566
0 0 0 0 0 0 0 0.006350401 0.0381024 0 0.1227744 0.0232848 0.0645624 0.0349272 0.0021168 0.1227744 0 0.0127008 0.0275184 0 0.0645624 0.006350401 0.009525601 0 0.2847096 0 0 0.23814 0
0 0 0 0 0 0 0 0 0.0476784 0 0.238392 0 0.08173439 0 0.1839024 0 0 0 0.1123848 0 0.408672 0.017028 0 0 1.44738 0.0408672 0.1328184 0.0204336 0.6743087
0 0 0 0 0 0 0 0 0 0 0.0328009 0.001465962 0 0.001099471 0 0 0 0.01117796 0.01209419 0 0.01649207 0 0 0 0.03976422 0.01301041 0.03811501 0.01704181 0
0 0 0 0 0 0 0 0 0 0 0.2282013 0.01037279 0.03111837 0.01037279 0.01037279 0.591249 0 0.004144966 0.1037279 0 2.271641 0 0 0 4.366944 0 0 0.3319292 2.406487
0 0 0 0 0 0 0 0 0 0 0 0 0 0 0 0 0 0 0 0 0.1845495 0 0 0 0.2657207 0.09265765 0.03905405 0.01761261 0.1654054
0 0 0 0 0 0 0 0 0 0 0 0 0.1841143 0.01534286 0.1841143 0.9052284 0 0.001514168 0.07671427 0 2.3628 0 0.6290571 0 5.247257 0 0 0.1534286 5.584799
0.0006204924 0 0 0 0 0.0003104861 0 0.003104861 0.003104861 0 0.2172875 0.0003104861 0 0.003105854 0.7139445 0.3724928 0.03104107 0.0003105854 0.3724928 1.521012 3.010984 2.700573 0.4966571 0.003104861 2.948901 7.077364 3.78701 5.339064 2.421204
0 0 0 0 0 0.0009945892 0 0 0 0 0 0 0 0 0 0.367998 1.163669 0 0 1.163669 0 0 0 0 0 3.500954 3.749601 0 0
0 0 0 0 0 0 0 0 0 0 0 0 0 0 0 0 0 0 0 0 0.06478002 0 0 0 0.04651988 0.02217303 0.01826014 0.003695505 0.06217143
0 0 0 0 0 0 0 0 0 0 0 0 0 0 0 0 0 0 0 0 0.7149273 0 0 0 1.526095 0.5453612 0.5453612 0.1558175 1.099888
0 0 0 0 0 0 0 0 0 0 0 0 0 0 0 0 0 0 0 4.168158 0 0 0 0 0 18.23569 13.43487 0 1.376981
0 0 0 0 0 0 0 0 0 0 0 0 0 0 0 0 0 0 0 0 98.97328 0 0 0 62.47689 175.059 95.88037 29.0734 157.7387
0 0 0 0 0 0 0 0 0.05213892 0 0 0 0.2606946 0.05213892 0.1042778 1.512029 0 0 0.3128335 0.1042778 11.05345 1.877001 0 0 9.124311 0.4692503 0 16.94515 10.37564
0 0 0 0 0 0 0 0 0 0 0.3690508 0 0 0.02050282 0 0 0 0 0.02050282 0 5.658779 0 0 0 2.849892 0 0 3.854531 7.709061
0 0 0 0 0 0 0 0 0 0 0 0 0 0 0 0 0 0 0 0 0 0 0 0 0 0.3910456 0.3598244 0 0
0 0 0 0 0 0 0 0 0 0 0 0 0 0 0 0 0 0 0 0 21.06982 0 0 0 12.83564 42.86618 58.12364 30.75709 76.77164
0 0 0 0 0 0 0 0 0 0 0 0 0 0 0 0 0 0 0 0 0 0 0 0 0 710.2388 1657.224 0 0
0 0 0 0 0 0 0 0 0 0 0 0 0 0 0 0 0 0 0 0 0 0 0 0 0 0 0 0 0
0 0 0 0 0 0 0 0 0 0 0 0 0 0 0 0 0 0 0 0 0 0 0 0 0 0 0 0 0
0.01050582 0.009392854 0.3156967 0.1680409 0.7560643 0.06141952 0.1424638 1.017455 0.7383035 0.2182475 0.7725615 0.03800084 2.18246 0.1737635 6.798276 7.673319 2.772646 0.04983637 1.163863 10.1913 160.5337 11.01095 4.599659 0.1556452 51.26732 580.0283 203.7036 9.672664 0
];

