food_web_filename = 'Antarctic_447';
crc = 'crc_6c28fc44';
n = 59;
l = 58;
b0 = [0.001 0.00576 0.0042 0.021 0.164 0.0282 0.006473214 0.005 5e-04 0.003 0.065 0.02 0.005 0.0065 0.0053 0.0135 0.034 0.19 2.49 0.336997151 0.0462 0.59 0.341 0.0307759959 0.042 0.08 0.185 0.49 0.29 1.25 0.81 9.5 2.5 5.05 12.719 0.045 0.0277 0.491 1.531 3.613 1.01 12 4.33 0.16375 6.76 1.778 5.45 9.08 25.8926678 0.0125478618 0.003239093 8.17 2.08 21.88 1.8 17.41 26.69 2.93 3.43].';
p = [0 0 0 0 0 0 0 0 0 0 0 0 0 0 0 0 0 0 0 0 0 0 0 0 0 0 0 0 0 0 0 0 0 0 0 0 0 0 0 0 0 0 0 0 0 0 0 0 0 0 0 0 0 0 162 1890.93492 1441.26 302.376 0].';
q = [0 0 0 0 0 0 0 0 0 0 0 0 0 0 0 0 0 0 0 1.00001798780569e-05 1.00010624342781e-05 1.0000270909926e-05 1.00000063870709e-05 0 0 0 1.0000037550073e-05 1.00013868360027e-05 1.00000967716435e-05 1.00000750509466e-05 1.00000743531875e-05 0 0 0 0 0 0 0 0 0 0 0 0 0 0 0 0 0.0545133785245292 0.0181707671592132 0 0 0 0 0 0 0 0 0 1164.6811466451].';
r = [0.00875010064036591 0.0366379050951691 0.0508747314561019 0.229650876556934 2.06508636058476 0.559403057936057 0.0526538638337194 0.0291616374496025 0.00139591175077935 0.00978310977382642 0.32552249859229 0.0651208914261998 0.11402417671864 0.149396356174718 0.14244052495134 0.265968302616834 0.806160875191731 2.19745598500971 1.61935115663436 0.295214810171123 0.0208384137093105 0.702118920583195 0.378510241757022 0.0784798284027657 0.0610708549825343 0.120803952770172 0.302291135101157 0.522412439991767 0.278402668122303 2.17501632358088 0.672304998764798 13.3551026516045 16.4999999121684 2.85830016558303 6.06696923018995 0.0551250605990789 0.0748454248406156 0.454175176399558 0.842050176128715 8.34605307500192 2.06649181967318 22.3197704320814 1.1050198062304 0.0843312150870793 6.68887521670114 0.903556360214046 3.07652841427749 166.167343050614 778.99540692123 2.64985024439409 1.3316025947656 75.2923040345529 56.2979055336827 819.187284001327 27.0000004233334 315.155809601667 240.209998635 50.3959971183334 0].';
F = [
0 0.000440051707773039 0.000220055069016995 0.00176028266020453 0.00208900294550343 0.000990598559685116 0 0 1.10001280601397e-05 5.50006171481604e-05 0.00378402928894642 0.000770010540512498 0 0.000110019409380859 0.000220045610867804 0.000110007570174287 0.000330008518821442 0.000110013636207248 0 0 0 0 0 0 0 0 0 0 0 0 0 0 0 0 0 0 0 0 0 0 0 0 0 0 0 0 0 0 0 0 0 0 0 0 0 0 0 0 0
0 0 0.000233338393183112 0.000699952395975874 0.00326436196161653 0.00326789459398668 0.000466738713094305 0 0 0 0 0 0.000699926985661007 0.000466642324006671 0.000466656728211285 0.00139977632565042 0.00466572044064643 0.00186647134941286 0.00700208040444232 0.000933136784781242 0 0.000466572639573507 0.000466560297995182 0.000466566232803241 0.000233290906044501 0.000466575266593142 0.000466561751936206 0.000466624704220544 0.000466564514977799 0.000466563501576964 0.000466563469022318 0 0 0 0 0 0 0 0 0 0 0 0 0 0 0 0 0.00886481909443479 0.00793152312498997 0 0 0 0 0 0 0 0 0 0
0 0 0 0 0 0 0 0 0 0 0 0 0 0 0 0 0 0 0.0295751451650596 0.000963917338445901 0 0.0028917783390233 0.000642600410433178 6.42608584532242e-05 6.42630042113325e-05 0.000321310513452453 0.00128520482593538 0.000642689118081536 0.00128521243709162 0.00899646751883359 0.00192781433380749 0.00257040051034318 0.00096389999486904 0 0 0 0 0 0.000321300067205221 0.0018635453755779 0.000321462109896151 0.000642593344601529 0 0 0 0 0 0.00385567789560578 0.00507654200013826 0 0 0 0 0 0 0 0 0 0
0 0 0 0 0 0 0 0 0 0 0 0 0 0 0 0 0 0 0.0845736532526271 0.00145742621542801 0 0.00874463689447569 0.00437220279255516 0 0.000291493626945521 0.00145744768847061 0.00582962189019056 0.00291520423495808 0.00582965641399729 0.067040903144548 0.00874446501740131 0.0524664104170049 0 0 0 0 0 0 0 0.0186547738115096 0.00145813532201261 0.00291476981146053 0 0 0 0 0 0.010202006109397 0.0145740057421029 0 0 0 0 0 0 0 0 0 0
0 0 0 0 0 0 0 0 0 0 0 0 0 0 0 0 0 0 0.0650601966705627 0 0 0 0 0 0 0 0.013005248834621 0.00650350180397914 0 0.0520211904210282 0 0.0780312154927991 0.0260103998615434 0 0 0 0 0 0 0 0 0 0 0 0 0 0 1.17049164724398 1.04041640992011 0 0 0.130052076060696 0.018207282662852 0 0 0 0 0 0
0 0 0 0 0 0 0 0 0 0 0 0 0 0 0 0 0 0 0.126966735728699 0.00705012681403009 0 0.0169204583795948 0.00705000450288501 0.000705009418137614 0.000705032959368027 0.00176255767183302 0.00705002647280147 0.00705097771938193 0.0176251705600217 0 0.0211501572569916 0 0 0 0 0 0 0 0 0 0 0 0 0 0 0 0 0.245344956662496 0.246045096940833 0 0 0 0 0 0 0 0 0 0
0 0 0 0 0 0 0 0 0 0 0 0 0 0 0 0 0 0 0.0483570272199572 0.00100692611206545 0.00100701497735741 6.71290485432912e-05 0 0 0 0 0.0053701981650576 0.000671365394459328 0 0.00134255507592731 0 0.00530305205290068 0 0 0 0 0 0 0 0.00067127423635583 0 0 0 0 0 0 0 0.00201385768562484 0.00134254552895784 0 0 0 0 0 0 0 0 0 0
0 0 0 0 0 0 0 0 0 0 0 0 0 0 0 0 0 0 0.0275752940115961 0 0.000549808407324439 0 0 0 0.000366517134196286 0.000733023984938215 0 0 0 0 0 0.00109950021830156 0.000732999996098149 0 0 0.000183250201447278 0.000183250060819273 0.000183250071173488 0.000549750114989325 3.66501057207949e-05 0 0.000366496204165049 0 0 0 0 0.000146600162694299 0.0020157907246777 0.00194245076531822 0 0 0 0 0 0 0 0 0 0
0 0 0 0 0 0 0 0 0 0 0 0 0 0 0 0 0 0 0 0 0 0 0 0 0 0 8.82503313793943e-05 3.53048955310897e-05 0 5.29503973947622e-05 0 0 0 0 0 0 0 0 0 0 0 0 0 0 0 0 0 0.000723664620073431 0.000706000278161427 0 0 3.53000206451462e-05 1.76500025813486e-05 3.53000036197427e-05 1.76500002767346e-05 1.76499994176513e-05 1.76499998997034e-05 1.76499989907648e-05 0
0 0 0 0 0 0 0 0 0 0 0 0 0 0 0 0 0 0 0 0 0 0 0 0 0 0 0.000618002320594512 0.000247234282585988 0 0.0003708027828891 0 0 0 0 0 0 0 0 0 0 0 0 0 0 0 0 0 0.00482049738769013 0.00370800146093848 0 0 0.000618000361436271 0.000370800054230259 0.000618000063371132 0.000247200003875852 0.000370799987765728 0.00012359999929764 0.00024719998586499 0
0 0 0 0 0 0 0 0 0 0 0 0 0 0 0 0 0 0 0.00206158360101643 0 0 0 0 0 0 0 0.000412101547438509 0.00206078575755836 0 0.00206051546424754 0 0 0 0 0 0 0 0 0 0 0 0 0 0 0 0 0 0.0824216651509047 0.185445073064654 0 0 0.0618150361523998 0.0412100060270468 0.0222534022819145 0.00412100006461322 0.00412099986403066 0 0.00412099976435931 0
0 0 0 0 0 0 0 0 0 0 0 0 0 0 0 0 0 0 0.00041221666761406 0 0 0 0 0 0 0 0.000824003094126016 0.000412057137643313 0 0.000412003092098999 0 0 0 0 0 0 0 0 0 0 0 0 0 0 0 0 0 0.0412008323734199 0.0329600129861199 0 0 0.00412000240957514 0 0.00206000021123711 0 0 0 0 0
0 0 0 0 0 0 0 0 0 0 0 0 0 0 0 0 0 0 0.0315755966340585 0.00143452580350726 0 0.00430361658608665 0.00430350274867598 0 0 0 0 0 0 0.0286902153211658 0 0 0 0 0 0 0 0 0 0.000143450413796672 0 0 0 0 0 0 0 0.0428924165482078 0.0301245118689432 0 0 0 0 0 0 0 0 0 0
0 0 0 0 0 0 0 0 0 0 0 0 0 0 0 0 0 0 0.0603517218215536 0.00188503390701372 0 0.0075402042660842 0.00754000481585149 0 0.00188508812540245 0.00565518504068977 0 0 0.0018850182414548 0.00188501414710343 0.0150801121246068 0 0.00376999997993182 0.00376999994141553 0.00188500202271031 0.00377000414437238 0.00282750093842562 0.00282750109818848 0.00565500118283699 0.00188500543748154 0 0.00188498047708354 0 0 0 0 0 0.0433558759113986 0.00377000148536626 0 0 0.00942500551219555 0 0 0 0 0 0 0
0 0 0 0 0 0 0 0 0 0 0 0 0 0 0 0 0 0 0.0685120109988843 0.00180203241402585 0 0.005406146453906 0.00180200115095018 0 0.00180208424507969 0.00540617689300953 0 0 0.00180201743825016 0.00180201352418058 0.00720805359377758 0 0.00360399998081546 0.00360399994399511 0.00360400386729335 0.00360400396188808 0.00270300089710502 0.00270300104983323 0.00540600113075451 0.00180200519805928 0 0.00360396267342656 0 0 0 0 0 0.0414468373434166 0.00360400141996286 0 0 0.00901000526948349 0 0 0 0 0 0 0
