food_web_filename = 'Arachania_567';
crc = 'crc_b7163983';
n = 9;
l = 8;
b0 = [1.15792787 0.465096116 0.7094777 0.169440761 4.483127 20.132473 2.580918 16.8376579 141.475].';
p = [4.51316908627599 0 0 0 0 0 0 10295.5239917498 0].';
q = [0 0 0 0 0 0 0 0 8344.43588209216].';
r = [2.63724637883932 78.9388378377843 8.39528577588748 10.6481755598004 0.0151485963485525 0.157455928462918 0.736550865087471 1854.07257780171 0].';
F = [
0 0.0705055106593185 0.0692285947509489 0.0701627911289708 0.00014574424186788 0.000131942262465396 0.000146094894327613 0 0.0705058903831804
0 0 0 0 0 0 0 0 100.044538902025
0 0 0 0 0.0279495866209178 0.0253027608259094 0 0 13.5210178137674
0 0 0 0 0 0 0 0 14.1863792856613
0 0 0 0 0 0 6.09040525642284e-05 0.0313402672328388 0.0293925018649562
0 0 0 0 0 0 0.000287402676730567 0.147892895676691 0.138701504352079
0 0 0 0 0 0 0.00169743183560083 0.873471716535719 0.819186347918613
0 0 0 0 0 0 0 0 0
2.15674927575844 21.0351955535811 5.10975579057149 3.46804093473096 0.0175497459411628 0.103991171152173 0.955612797746596 8440.39870906864 0
];

