food_web_filename = 'Australia_North_West_Shelf_405';
crc = 'crc_31435c49';
n = 37;
l = 36;
b0 = [0.03003 0.0901600048 0.097 0.139 0.119 0.265 2.434 0.973 0.029 0.049 0.734999955 0.953533053 11.3950377 0.355 0.116 1.843 3.297 0.175 0.111 0.92 5.975 2.6 0.348 0.068 0.243 0.002 6.9135294 11.8747234 166.544891 7.618215 1.60975683 9.187981 30 35 40 24 221.266985279801].';
p = [0 0 0 0 0 0 0 0 0 0 0 0 0 0 0 0 0 0 0 0 0 0 0 0 0 0 0 0 0 0 0 0 0 10080 960 691.2 0].';
q = [0.000891893612329894 8.77999626200972e-06 0.00475845212973266 0.00576029928247103 0.0031467258788572 0.00504440573783271 0.00811972392176965 0 1.38886677061836e-06 0.00109108061670436 0 0.00216663655757453 3.03999901587595e-05 0.00300524638801215 1.56910752312765e-05 0.00327224778659189 0 1.86999928319544e-05 5.04984517347083e-05 0 0.00250256880921891 0 0.00999021311422314 0.00295670634430515 0.0157588933881426 1.17977487548234e-05 0.00283099835379989 0.00368384882441951 0.000408479914485833 0.00529999687437924 0.0024279890536874 0.000129499943555882 0 0 0 0 7462.54471062485].';
r = [0.0813743205647798 0.158861867366245 0.35326819662768 0.736630926499412 0.3761737981694 1.13683144047291 17.316751171851 6.28554436074116 0.105871329828851 0.158238193239689 2.80452757090867 1.70710302009237 69.7148174315622 1.75349357537006 0.600538392812989 18.1314240775387 19.9798066893983 0.684249737714694 0.394037918931917 15.7595893842145 46.8081277275921 22.3287904700896 2.40435323569856 0.308752160065184 1.09337049228172 0.00567891675970117 60.8390246226537 153.183873047316 849.378789184844 173.314297789606 15.2121940710231 110.25571994371 719.999836417161 1679.99993983334 160.000011510002 115.200013386669 0].';
F = [
0 0 0.00114102525561699 0.00193398243995589 0 0 0 0 0 0 0 0 0.000684626278369275 0 0 0 0 0.000114104356261736 0 0 0.000571665327988194 0 0 0 0.000114090886144956 0 0 0.107258060822401 0.00160066366490538 0.000571665262866063 0.000114333055438509 0 0 0 0 0 0
0 0 0 0 0 0 0 0 0 0 0 0 0.0035502638506904 0 0 0 0 0 0 0.00155323995372514 0.00431180994833943 0 0 0 0 0 0.00133134822583297 0.0911973966887966 0.0632390767610701 0.0536977283322956 0.00110945756758715 0 0 0 0 0 0
0 0 0 0 0 0 0 0 0 0 0.00254929372376585 0 0.477949845275628 0.00254920504806658 0 0 0 0.00254950402272897 0 0 0.00229264290910659 0 0.00253460548611086 0 0 0 0 0 0 0.00968811328653096 0.00815841482024483 0 0 0 0 0 0
0 0 0 0 0 0 0.0771269339241061 0 0 0 0.0158499764113396 0 0.00422700963161079 0 0 0.0137377714212262 0 0 0 0.0190215271869471 0.165575121215464 0.0475538497040539 0 0 0 0 0 0.179647834380961 0.060234887389989 0.0190215287822414 0.401565843489073 0 0 0 0 0 0
0 0 0 0 0 0 0 0 0 0 0 0 0 0 0 0 0 0 0 0.377705645574455 0.0268226072371727 0 0 0 0 0 0 0.0175168136017237 0.123712474101128 0.00164220003152877 0 0 0 0 0 0 0
0 0 0 0 0 0 0.129036421199836 0.070126662379344 0.00154598629223533 0 0.022584188304239 0 0.166746446019986 0 0.00483711974335499 0.0420762037248333 0.161328906249059 0.0311675680529072 0 0.183914976113401 0.225860492530266 0.100023957309853 0.0155367036170187 0.00159518730083808 0.00161309893140665 0 0 0.0532385605538252 0.237153650352524 0.0693714390888796 0.0403322442804435 0 0 0 0 0 0
0 0 0 0 0 0 0.250522009416532 0.183131161639836 0 0 0 0 0.701607072872165 0 0 0.497072889594786 0.575558065533527 0 0 0.235455541395264 1.00221052312466 0.250573893055257 0 0 0 0 0.601719850105312 5.67709692635605 9.9414619187818 1.93596785828209 0.626434855846017 0.183132120179649 1.72667460770222 0 0 0 0
0 0 0 0 0 0 0.206285089860453 0.0627951139494829 0 0 0.0547884893283653 0 0.107649365151196 0 0 0.170444693563051 0.206327780099456 0 0 0.0807369556149408 0 0.89538021785242 0 0 0 0 0.215298574805813 1.94665828895415 3.49860326757685 0.618983334960697 0.268614095307228 0 0.618983559367901 0 0 0 0
0 0 0 0.0092245927161103 0.00387568710066214 0.00649717368537223 0.0123101352898658 0.00159339796537718 0.0010059224723373 0.00159308678066262 0.00680762880837127 0 0 0.00840061154296076 0.00347454774696422 0.00188311582405783 0.00405594264302351 0.00579420477897646 0.00376611953206077 0.00115884021939596 0.01912087090184 0.00564934958886199 0.011697817953685 0.000716148713786323 0 0 0 0.0217282620634296 0.0115884075739982 0.00289710129146315 0 0 0 0 0 0 0
0 0 0 0.000449363763008861 0 0 0.195776470703736 0 0 0 0 0 0.00225805126901208 0.000903114635115145 0 0.00248385544891625 0 0 0 0 0.00526368849541323 0 0.000450245959990067 0 0 0 0 0.0103870362059808 0.000451610405456581 0 0.0020322462079288 0 0 0 0 0 0
0 0 0 0 0 0 0.245639722632653 0.00816514870331806 0 0 0 0 0.812459636986405 0 0 0.0568721544852623 0.0204129681376809 0 0 0.487475571632555 0.56339813192192 0.609344639932182 0.0936160022280229 0 0 0 0.0204129681300424 0.0367433565789434 0.142890870086182 0.12656042536224 0.2234264129192 0.380820434014804 0.228625348056678 0 0 0 0
0 0 0 0.0283459752850466 0 0 0.141509632646669 0 0 0 0.0418984876050401 0 2.01692834706963 0 0 0.27103203074966 0 0.0300544484795861 0 0.0210802658001643 0 0 0 0 0 0 0 0.0481834924002639 0.234894450825481 0.0150573311200878 0 0 0 0 0 0 0
0 0 0 0 0 0 0 0 0 0 0 0 4.68006748494458 0 0 0 0 0 0 0 0.465188478652382 0 0 0 0 0 1.97324285257701 2.32146215205148 11.4912375943404 0 0 6.96438596448807 61.5187560230346 3.36612087944746 10.446580751501 0.232146326976264 12.8841060432332
0 0 0 0 0 0.0479005067703454 0.34488202697593 0.0560668920987387 0 0 0.130457988114266 0 0.676840480889733 0.0261297754428278 0.0260789368240526 0.177703289030304 0.109464536388317 0 0 0.125483715473165 0.339073038661075 0.156797033079148 0.0125926161294375 0 0 0 0 0 0.0747562743499759 0.0130664122942125 0.202909820915574 0 0 0 0 0 0
0 0 0 0 0 0.0196538994902183 0.0985713535850205 0.0197182481968353 0 0 0.043331238863803 0 0.255792017193698 0.0237130298089387 0.0169302404189837 0.0413146442004015 0.0413146459913643 0 0 0.0497653564776577 0.0788734124701756 0.0787703763808646 0 0.0334995760239608 0 0 0 0 0.0450705405646041 0 0 0 0 0 0 0 0
0 0 0 0 0 0 0 0 0 0 0 0 0 0 0 0 0 0 0 0 1.00332852259269 0 0 0 0 0 0 0 2.83933240559343 21.0134076075506 0.227146611469246 0 0 0 0 0 0
0 0 0 0 0 0 0 0 0 0 0 0 0 0 0 0 0 0 0 0 0 1.59679431848943 0 0 0 0 0 1.91615330009655 2.1917125411709 26.0064746629387 0.269749194864822 0 0 0 0 0 0
0 0 0 0 0 0 0 0 0 0 0 0 0 0 0 0 0 0 0 0 0.0245983782955132 0 0 0 0 0 0.141391217782277 0.363577667197858 0.302981436571655 0 0 0.0504968879903201 0.0262583840341361 0 0.0504969136326221 0.0100993811735855 0.0100993690598123
0 0 0 0 0 0 0 0 0 0 0 0 0 0 0 0 0 0 0 0.168164886722787 0.10655994929627 0 0.00553323068871267 0 0 0 0.086579949654537 0.0349649872285192 0.137084971301631 0.0110999934538886 0.00499499805319155 0 0 0 0 0 0
0 0 0 0 0 0 0 0 0 0 0 0 0 0 0 0 0 0 0 0 0 0.331199858644158 0 0 0 0 0 0 8.92031813255549 0 0 0.132479942257014 0 1.25855995492658 0 0 11.4374276103542
0 0 0 0 0 0 0 0 0 0 0.0468520970678223 0 2.07581132800773 0 0 0 0 0 0 0 0.668031982134674 0 0 0 0 0 1.10709935623167 17.9211634540289 15.9837466538458 0.0691936891937058 3.00614482835026 20.0409612649044 0 0 5.88146542309797 0 0
0 0 0 0 0 0 0 0.134648636537468 0 0 0 0 0 0 0 0 0.403947865259101 0 0 0.100986931974395 0 0.302960870696536 0 0 0 0 0 1.91875229914723 12.6906973432368 0 0 18.1439920917214 0 0 0 0 0
0 0 0 0 0 0 0.322783313100043 0 0 0 0.0445989438010075 0 0 0 0 0.0461214411987193 0 0 0 0 0.334118641018493 0.0461214503154009 0 0 0 0 0 0.532170705616747 0.748586843285366 0.684725996189613 0.0319302275551429 0.514431575778771 0 0 0.0177390312761017 0 0
0 0 0 0 0 0 0 0.0127982074337112 0 0 0.00264770056816287 0 0.00573715814273778 0 0.00485176041603416 0 0.018976748972292 0 0 0.00970903345991739 0.00353055832007733 0.0136809141609965 0 0.000436367955919803 0 0 0.0189767489651909 0.0812028503394531 0.243608549001208 0.00926771453445697 0.0158875138078162 0 0 0 0 0 0
