food_web_filename = 'Baja_California_417';
crc = 'crc_c197ad60';
n = 18;
l = 17;
b0 = [0.05697276 0.0494779423 0.12 0.14 0.07 0.176455855 0.347 0.07956449 0.06 2.675301 0.23 7.393121 1.4 15.9856157 13.4293919 26.3674965 31.6161289 41.9114658278524].';
p = [0 0 0 0 0 0 0 0 0 0 0 0 0 0 0 0 5007.99424866968 0].';
q = [0.012 0.006 0 0.0415286869 0.0451 0.00239558285 0.0038 0.0254057962 0.00107419 0.005 0.0015 0.1076678 0 0.3 0 0 0 2730.47443816909].';
r = [0.33773452 0.333877146 1.57619989 0.812 0.879619956 2.34928966 5.037157 0.39145726 0.210330546 16.0594177 0.8648 90.5808258 18.39085 82.088974 72.8645554 1149.52563 834.665708111613 0].';
F = [
0.002357635 0.009430539 0.00471527 0.002357635 0.0005430934 0.01178817 0.03277112 0.0007072904 0.00471527 0.03536452 0.009430539 0.1296699 0.002593398 0.09241929 0.05894087 0.0471527 0 0
0 0.002671415 0.002671415 0.0008014245 0.0009474064 0.005342829 0.03392697 0.0008014245 0 0.03739981 0.009617093 0.186999 0.002671415 0.04915403 0.04007123 0.08014245 0 0
0 0 0 0 0 0.01541401 0.001401274 0 0 0 0.01401274 0.8365605 0.09808917 0.2466242 0.7580892 0.009808917 0 0
0 0.004198682 0 0.005815174 0.02252757 0.1041273 0.2519209 0.01259604 0.008397364 0.1091657 0.1259605 0.3358946 0.005038418 0.1343578 0 0 0 0
0 0 0 0 0.002604041 0.02600102 0.04597616 0 0 0.1287332 0.01563189 0.1655142 0.09195232 0.3420626 0.2317198 0.1839046 0 0
0 0 0 0 0.007204571 0.06122593 0 0 0 0.4535253 0.1678044 0.3723444 1.117033 0.6349355 0.3310735 0.4535253 0 0
0 0 0 0 0 0 0.005071826 0 0 1.521548 0 1.536763 0.0608619 1.58241 0.8926413 1.521548 0 0
0 0 0 0.0005590777 0 0 0.005370583 0.002685291 0 0 0.1342646 0.05477994 0 0.1074117 0.2250274 0.02685291 0 0
0 0 0 0 0.000601205 0.01217068 0.03651205 0 0 0.04868273 0 0.08519478 0 0.06815583 0 0.04868273 0 0
0 0 0 0 0 0 0 0 0 0 0 5.350602 0 5.350602 2.675301 13.37651 0 0
0 0 0 0 0.003549113 0 0 0 0 0 0.02421165 0.1452699 0.1210583 1.041101 0.1694816 0.2663282 0 0
0 0 0 0 0 0 0 0 0 0 0 11.96202 1.438084 28.76168 20.21141 80.05529 0 0
0 0 0 0 0 0 0 0 0 0 0 0 0 0 0 27.55129 0 0
0 0 0 0 0 0 0 0 0 0 0 0 0 5.44336 0 136.084 27.2168 0
0 0 0 0 0 0 0 0 0 0 0 0 0 0 0 124.5308 0 0
0 0 0 0 0 0 0 0 0 0 0 0 0 0 0 511.5294 2046.118 0
0 0 0 0 0 0 0 0 0 0 0 0 0 0 0 0 0 0
0.0928651 0.09704016 0.3964133 0.256938 0.271403 1.010917 1.666936 0.1232983 0.07548262 8.354173 0.4037667 30.57837 6.22306 42.5009 26.07253 512.3563 2099.994 0
];

