food_web_filename = 'Bamboung_180';
crc = 'crc_6c9f1f75';
n = 31;
l = 30;
b0 = [0.001 0.000475 0.0024 0.09 0.376 0.22 0.198 0.411 0.261 0.126 0.634 0.11 1.341 0.158 0.088 0.023 0.283 0.274 0.353 0.6 0.291 0.162 0.4011794 2.78833151 3.858373 61.25617 7.787578 4.22789 13.8578434 27.2578144 57.0745001752617].';
p = [0 0 0.0129236949 0 0 0 0 0 0 0 0 0 0 0 0 0 0 0 0 0 0 0 0 0 0 0 0 0 2294.85886704 490.6406592 0].';
q = [0 0 0 0 0 0 0 0 0 0 0 0 0 0 0 0 0 0 0 0 0 0 0 0 0 0 0 0 0 0 1206.9467476211].';
r = [0.00386396168485389 0.00457255663709377 0.151494578364109 0.208331982383609 2.02251635358407 1.01582305903068 0.975638376872516 3.07334465926591 1.19917868524211 0.994870693765445 3.00363762680032 1.45921595821686 9.8716405574145 1.23957251152975 1.19936958520642 0.111076174504764 3.79197264649852 2.70076277109702 7.8547440269235 13.2307178844629 2.09170947960548 4.24631053957046 4.99652719659606 34.5641583886382 16.2707537786367 420.646007318962 280.788787011925 296.599168345414 382.476487638334 81.7734479666675 0].';
F = [
1.98709998428524e-07 0 1.98763295873471e-08 0.00015895937358735 0.000167757914933136 1.6536160733486e-05 2.62794863426079e-05 0.00141755350913085 0.000368724003455003 0.000185891161465162 0.000468234999732045 0.000577907883452204 0.000885343260218886 0.000132849077973246 4.37370056598601e-05 4.55442570860955e-06 5.09564052496586e-05 3.30157372017532e-05 1.75116900600244e-05 4.9054350302607e-05 0.000205262978403232 3.18360765479986e-05 1.98699142997181e-05 1.98699216031064e-05 7.94796708448538e-05 1.98699147717968e-05 0 0 0 0 9.93495243784609e-06
0 0 0 0 0 0 0 0.000813410989850841 0.00039009840088417 0.00010488907825672 0 0.000217389593775273 0 8.99521010632359e-05 0.000148071619161455 0 0.000733179731650319 0.000502986357369422 0.000111527800382281 0.000345301231738536 0.000833901212826356 5.3890514156625e-05 0.000134539161403399 0.000605426548845847 0.000538156770300525 0.000134539164599844 0 0 0 0 0
0 0 0 0 0.0051958217457995 0.00114424924430521 0.00019077935609855 0 0.00118960089068386 0.00319858233694076 0 0.00953999972683194 0.00914032454781761 0 0.00451542858432656 0.000564241440011441 0.00920633514175196 0.00545369553777237 0.00196901600674914 0.00381599924562767 0.0019086386064007 0.005258834429782 0.016205895350852 0.00533358843031421 0.0143596565392242 0.0797543790149026 0 0 0 0 0
0 0 0 0 0 0 0 0 0 0 0 0 0 0 0 0 0 0 0 0 0 0 0 0.152595012311374 0 0.0915569759093848 0.0457784815789564 0 0 0.00915570053369623 0.00610379535399488
0 0 0 0.0134777177605458 0 0 0 0.0404338305667247 0 0.0141435070680814 0.0808663026832705 0.0161732595368954 0 0 0.0269554434882141 0.00269554323568875 0.01617325849227 0.0125599889354789 0.0323465301108734 0.0646930472110445 0.0269644619688248 0.00484448547471006 0.0943440129345854 1.17920409513825 0.755899917822932 0.12399496737425 0.0943440020364216 0.0943440451992475 0 0 0
0 0 0 0.00272007954803226 0.0897264916552833 0 0.0407967854509861 0.0236488421994635 0.0407954692519636 0.0152475468392163 0.0548664782508792 0.0126406296380486 0.106042790642991 0.0367304190118293 0.0136004017599826 0.00204005942154875 0.0204005980981821 0.0204005982709485 0.0285608400978972 0.0850024831961389 0.0516988177722589 0.004700384490335 0.0977886819463786 0.584776547179804 0.013600396722211 0.0136003964214423 0 0 0 0 0
0 0 0 0.00646964892500474 0.0168143159728565 0.0258661499770064 0 0.0168840300097973 0.0336374547748357 0.015240326840713 0.0391717816117453 0.0142332295924461 0.0518464819336877 0.019413886140594 0.0168210921767615 0.00129392963311107 0.0194089481906273 0.0194089483549958 0.021931480075174 0.0232907353957312 0.0144244562410974 0.00223721875741727 0.0698159799711886 0.390969631543451 0.209447949521607 0 0.213498414089252 0.0516638428471655 0 0 0
0 0 0 0 0 0 0 0 0 0 0 0 0.243720756012558 0 0 0 0.0203177881059019 0.0203177882779671 0.0285043200977035 0 0 0.0163558682265252 0.223495535883591 0.812711465569606 0.243813341239311 0.731440107542331 0.690804422023581 1.03214305688083 0 0 0
0 0 0 0 0 0 0 0 0 0 0 0 0 0 0 0 0.0164079884703876 0.0208126582360244 0.00818831802806688 0 0 0.00683415525896918 0.0170616651053488 0.170616713765366 0.488296982317076 0.872530570418387 0 0 0 0 0
0 0 0 0 0 0 0 0 0 0 0 0 0 0 0 0 0.0141015186854051 0.0121822389674951 0.00575778101973579 0.0179209964572572 0 0.00587348136313553 0.0439899273801677 0.263939721294671 0.278602932854781 0.26393963055179 0.0879798445973283 0.131969807272782 0.0293266307512936 0.0659849238463365 0.117306410710279
0 0 0 0 0 0 0 0 0 0 0 0 0 0 0 0 0.00261820875592106 0.00678557942488863 0.00142538800488577 0 0 0.00327156564526253 0.0408377682844592 1.18837909587849 0.739163521856518 0.735079706584674 0.939268422042847 0.285864415753828 0.0408377810461878 0.0408377823804809 0.0408377489156698
0 0 0 0 0 0 0 0 0 0 0 0 0 0 0 0 0.0158829085193375 0.00686058141853184 0.0120695600413705 0.00100924280048611 0 0.00496158846201252 0.0412891581549645 0.784494263293041 0.371602410441269 0 0.119738551817775 0.524372528897877 0 0 0.041289138572087
0 0 0 0 0 0 0 0 0 0 0 0 0 0 0 0 0.0172613583908334 0.0195899983396509 0.0195900000671481 0.0261199948364242 0 0.0107843988306423 0.309620811175968 3.23082726066332 4.03853302668582 1.81533952234502 1.34617745830458 2.08657611499004 0 0 0.134617697533506
0 0 0 0 0 0 0 0 0 0.00813146831436411 0.0130103472139611 0.00813146976716375 0 0 0.00431411155827479 0 0.0162629384839097 0.0162829586199388 0.0243944100836161 0.0239534652647183 0.020246644271767 0.00628046731900584 0.058797603132141 1.14067409202965 0 0.0422836288742652 0 0.243944113443624 0 0 0
0 0 0 0 0 0 0 0 0 0 0 0 0 0 0 0 0.00208087880601291 0 0.000283213900970765 0.00357006929424475 0 0 0 0.162283513093043 0.162283460888572 0.340795210329429 0.048685020409379 0.887690648920135 0 0 0
0 0 0 0 0 0 0 0 0 0 0 0 0 0 0 0 0 0 0 0.000368945827064314 0 0 0 0.0166033413395585 0.0332066719969642 0.0543381857024513 0.0301878778525413 0.0150939408318186 0 0 0
0 0 0 0 0 0 0 0 0 0 0 0 0 0 0 0 0 0 0 0 0 0 0 0.256383820685061 0 1.28191866269955 0.256383696832418 1.7946870989042 1.02553502627229 0.256383814944905 0.256383604849365
0 0 0 0 0 0 0 0 0 0 0 0 0 0 0 0 0 0 0 0 0 0 0 0.896703472346086 0.186813154976748 0.934065754227153 0.747252499309143 0.373626420590343 0.373626409571611 0.186813210889555 0.0373626115608282
0 0 0 0 0 0 0 0 0 0 0 0 0 0 0 0 0 0 0 0 0 0 0 0 0 1.43209262318554 0.102292258838081 4.09169422549098 3.06877007861616 1.02292305962735 0.511461310692736
0 0 0 0 0 0 0 0 0 0 0 0 0 0 0 0 0 0 0 0 0 0 0 0 0 5.1262186511813 0.854369656205707 5.12622028250313 3.41748008754946 0.854370049802204 1.70873869936518
0 0 0 0 0 0 0 0.0423935830678456 0 0 0 0 0 0 0 0 0.00916332214576178 0 0.00498862501709938 0.0282619144129952 0 0.00686997225508553 0.0857553953984884 0.345880227905636 0.202954451086584 1.06050872095728 0.579369166864598 0.432407423829731 0 0 0.0285851182419629
0 0 0 0 0 0 0 0 0 0 0 0 0 0 0 0 0 0 0 0 0 0 0 0 0 0.0164880356616422 0.0164880333652937 0.131904307269173 1.70376404364726 1.09920206407374 2.52816407564596
0 0 0 0 0 0 0 0 0 0 0 0 0 0 0 0 0 0 0 0 0 0 0 0.0398912732184301 0 0.598368942556225 0.797825178958936 1.19673806595157 0.797825520438801 1.19673806975923 3.35086444943392
0 0 0 0 0 0 0 0 0 0 0 0 0 0 0 0 0 0 0 0 0 0 0 0 0 0 6.13432653157613 24.537321352238 18.4029904714503 6.13432935757705 6.13432433075724
0 0 0 0 0 0 0 0 0 0 0 0 0 0 0 0 0 0 0 0 0 0 0 0 0.163980860479487 13.1184665482485 6.55923136059645 3.27961718073787 0.983885125205301 1.96777011470356 6.72320988251723
0 0 0 0 0 0 0 0 0 0 0 0 0 0 0 0 0 0 0 0 0 0 0 0 0 0 0 0 306.280807846343 91.884255356038 214.396436808594
0 0 0 0 0 0 0 0 0 0 0 0 0 0 0 0 0 0 0 0 0 0 0 0 0 0 3.89378743315843 38.9378921458454 38.9378909975161 54.513053177628 253.096107351698
0 0 0 0 0 0 0 0 0 0 0 0 0 0 0 0 0 0 0 0 0 0 0 0 0 0 0 31.7091817474753 539.056013809609 31.7091818483644 31.7091558640498
0 0 0 0 0 0 0 0 0 0 0 0 0 0 0 0 0 0 0 0 0 0 0 0 0 0 0 0 0 0 0
