food_web_filename = 'Bamboung_179';
crc = 'crc_4002b513';
n = 31;
l = 30;
b0 = [0.001 0.000475 0.0024 0.09 0.089 0.264 0.15 0.034 0.045 0.081 0.113 0.034 0.361 0.118 0.04 0.102 0.441 0.33 4.044 2.454 0.141 0.202 0.69372344 3.160227 3.98696685 59.5563622 8.293205 4.546803 14.4282551 27.9742146 59.581377581925].';
p = [0 0 0.0120204 0 0 0 0 0 0 0 0 0 0 0 0 0 0 0 0 0 0 0 0 0 0 0 0 0 2389.31904456 503.5358628 0].';
q = [2e-04 0 0 0.018 0.0178 0.0528 0.03 0.0068 0.009 0.0162 0.0226 0.0068 0.0722 0.0236 0.008 0.0204 0.0882 0.066 0.8088 0.4908 0.0282 0.0404 0 0.632 0 0 0 0 0 0 1148.67012458021].';
r = [0.00366380042 0.0045723496 0.151440009 0.197802022 0.4613938 1.17627835 0.70605 0.2509404 0.197919 0.6326748 0.5212238 0.4488884 2.62779117 0.9022752 0.544647932 0.4802568 6.022384 3.338544 90.74494 54.1700859 1.0006206 5.33356762 9.651497 41.06715 17.1439571 404.983246 298.5554 318.276184 398.21984076 83.9226438 0].';
F = [
4.991e-07 0 4.991e-08 0.00039928 9.982e-05 4.991e-05 4.991e-05 0.000294469 0.000159712 0.00029946 0.000209622 0.00044919 0.00059892 0.00024955 4.991e-05 4.991e-05 0.00019964 9.982e-05 0.000504091 0.000504091 0.00024955 9.982e-05 4.991e-05 4.991e-05 0.00019964 4.991e-05 0 0 0 0 2.4955e-05
0 0 0 0 0 0 0 5.757e-05 5.757e-05 5.757e-05 0 5.757e-05 0 5.757e-05 5.757e-05 0 0.00097869 0.00051813 0.00109383 0.00120897 0.00034542 5.757e-05 0.00011514 0.00051813 0.00046056 0.00011514 0 0 0 0 0
0 0 0 0 0.0011448 0.0003816 8.7768e-05 0 0.0001908 0.001908 0 0.003816 0.0022896 0 0.001908 0.0022896 0.013356 0.0061056 0.020988 0.011448 0.0005724 0.0061056 0.0150732 0.0049608 0.013356 0.0728856 0 0 0 0 0
0 0 0 0 0 0 0 0 0 0 0 0 0 0 0 0 0 0 0 0 0 0 0 0.152595 0 0.091557 0.0457785 0 0 0.0091557 0.0061038
0 0 0 0.000638041 0 0 0 0.001276082 0 0.001914123 0.001914123 0.001914123 0 0 0.005742369 0.002552164 0.01595103 0.003190205 0.1020866 0.00638041 0.001914123 0.001276082 0.01914123 0.248836 0.1595102 0.02552164 0.01914123 0.01914123 0 0 0
0 0 0 0.001632048 0.01305638 0 0.00816024 0.001632048 0.006528192 0.00816024 0.00816024 0.003264096 0.02448072 0.01632048 0.00816024 0.00816024 0.0816024 0.05222554 0.6528192 0.1305638 0.01632048 0.004896144 0.0816024 0.4879824 0.00816024 0.00816024 0 0 0 0 0
0 0 0 0.003921 0.0019605 0.00294075 0 0.00098025 0.00490125 0.00686175 0.00490125 0.00490125 0.0098025 0.007842 0.0098025 0.00490125 0.0294075 0.03038775 0.176445 0.019605 0.00490125 0.0019605 0.0490125 0.27447 0.1470375 0 0.1470375 0.03626925 0 0 0
0 0 0 0 0 0 0 0 0 0 0 0 0.01008474 0 0 0 0.00672316 0.01008474 0.02689264 0 0 0.00168079 0.0168079 0.06218923 0.0168079 0.0504237 0.0504237 0.0840395 0 0 0
0 0 0 0 0 0 0 0 0 0 0 0 0 0 0 0 0.00414045 0.0082809 0.01518165 0 0 0.00138015 0.0027603 0.027603 0.07866855 0.138015 0 0 0 0 0
0 0 0 0 0 0 0 0 0 0 0 0 0 0 0 0 0.01291059 0.00860706 0.03873177 0.0430353 0 0.00430353 0.02582118 0.1549271 0.1635341 0.1549271 0.05164236 0.07746354 0.01721412 0.03873177 0.06885648
0 0 0 0 0 0 0 0 0 0 0 0 0 0 0 0 0.000724556 0.001449112 0.002898224 0 0 0.000724556 0.00724556 0.2108458 0.1311446 0.1304201 0.1666479 0.05071892 0.00724556 0.00724556 0.00724556
0 0 0 0 0 0 0 0 0 0 0 0 0 0 0 0 0.007134696 0.002378232 0.03983539 0.001189116 0 0.001783674 0.01189116 0.225932 0.1070204 0 0.03448436 0.1510177 0 0 0.01189116
0 0 0 0 0 0 0 0 0 0 0 0 0 0 0 0 0.007031558 0.01054734 0.09492603 0.0175789 0 0.003515779 0.08086292 0.843787 1.054734 0.4711144 0.3515779 0.5449457 0 0 0.03515779
0 0 0 0 0 0 0 0 0 0.002429148 0.001214574 0.001214574 0 0 0.001214574 0 0.02550605 0.01214574 0.1821861 0.0607287 0.00607287 0.004858296 0.03643722 0.7068821 0 0.02429148 0 0.1493926 0 0 0
0 0 0 0 0 0 0 0 0 0 0 0 0 0 0 0 0.00146152 0 0.00146152 0.00657684 0 0 0 0.073076 0.073076 0.1534596 0.0219228 0.3997257 0 0 0
0 0 0 0 0 0 0 0 0 0 0 0 0 0 0 0 0 0 0 0.00664326 0 0 0 0.07307586 0.1461517 0.2391574 0.1328652 0.0664326 0 0 0
0 0 0 0 0 0 0 0 0 0 0 0 0 0 0 0 0 0 0 0 0 0 0 0.399524 0 1.99762 0.399524 2.796668 1.598096 0.399524 0.399524
0 0 0 0 0 0 0 0 0 0 0 0 0 0 0 0 0 0 0 0 0 0 0 1.079971 0.224994 1.12497 0.899976 0.449988 0.449988 0.224994 0.0449988
0 0 0 0 0 0 0 0 0 0 0 0 0 0 0 0 0 0 0 0 0 0 0 0 0 16.40618 1.17187 46.87481 35.15611 11.7187 5.859352
0 0 0 0 0 0 0 0 0 0 0 0 0 0 0 0 0 0 0 0 0 0 0 0 0 20.96624 3.494373 20.96624 13.97749 3.494373 6.988747
0 0 0 0 0 0 0 0.002738784 0 0 0 0 0 0 0 0 0.00684696 0 0.02738784 0.02327966 0 0.004108176 0.04108176 0.1656964 0.09722683 0.5080444 0.2738784 0.2054088 0 0 0.01369392
0 0 0 0 0 0 0 0 0 0 0 0 0 0 0 0 0 0 0 0 0 0 0 0 0 0.02055916 0.02055916 0.1644732 2.124446 1.37061 3.152404
0 0 0 0 0 0 0 0 0 0 0 0 0 0 0 0 0 0 0 0 0 0 0 0.06898039 0 1.034706 1.379608 2.069412 1.379608 2.069412 5.794353
0 0 0 0 0 0 0 0 0 0 0 0 0 0 0 0 0 0 0 0 0 0 0 0 0 0 6.952499 27.81 20.8575 6.952499 6.952499
0 0 0 0 0 0 0 0 0 0 0 0 0 0 0 0 0 0 0 0 0 0 0 0 0.1694461 13.55569 6.777844 3.388922 1.016677 2.033353 6.94729
0 0 0 0 0 0 0 0 0 0 0 0 0 0 0 0 0 0 0 0 0 0 0 0 0 0 0 0 297.7818 89.33454 208.4473
0 0 0 0 0 0 0 0 0 0 0 0 0 0 0 0 0 0 0 0 0 0 0 0 0 0 4.146603 41.46603 41.46603 58.05244 269.5292
0 0 0 0 0 0 0 0 0 0 0 0 0 0 0 0 0 0 0 0 0 0 0 0 0 0 0 34.10102 579.7174 34.10102 34.10102
0 0 0 0 0 0 0 0 0 0 0 0 0 0 0 0 0 0 0 0 0 0 0 0 0 0 0 0 0 0 0
0 0 0 0 0 0 0 0 0 0 0 0 0 0 0 0 0 0 0 0 0 0 0 0 0 0 0 0 0 0 0
0.001126701 0.00118465 0.03935995 0.08279763 0.1425857 0.3995973 0.2359021 0.0714384 0.05727348 0.1902009 0.1643324 0.1232528 0.7685313 0.2642292 0.1511768 0.145716 1.66592 0.9493158 24.24986 14.89784 0.3101953 1.442334 3.756679 22.56394 14.15373 133.4063 89.56661 181.8721 995.5496 209.8066 0
];

