food_web_filename = 'Bay_of_Biscay_633';
crc = 'crc_3ccdac35';
n = 37;
l = 36;
b0 = [0.384 1.328 5.702 0.233 2.003 0.951 0.517 1 1 0.663 0.492 0.167 0.279 0.934 0.771 0.986 1.449 1.5 0.528 0.41 0.48 0.2 4.472 10 20 42.1 2.42 22 22.137 18.343 32 32 0.009 0.15 0.054 28.86 140.137394310154].';
p = [0 0 0 0 0 0 0 0 0 0 0 0 0 0 0 0 0 0 0 0 0 0 0 0 0 0 0 0 0 0 0 0 0 0 0 3224.2392 0].';
q = [0.07418611 0.155525476 0 0.004694 0.146830142 0.100906812 0.2916314 0.00066900003 0.000918000063 0.35730952 0.0981048048 0.0119072786 0.0540091246 0.0318339765 0.000240000023 0.00562099973 0 0 0.071631 0.053884998 0.0547969975 0.0244439989 0.1442753 0.004395 0 0 0.0328770019 0.00012 0 0 0 0 0 0 0 0 763.278029353992].';
r = [0.9823198 6.25275469 48.92202 0.435589731 7.11145163 4.432991 3.120654 5.97370338 7.54520035 4.124204 1.26601446 0.3516352 0.937942266 3.889176 4.13799524 5.61467838 11.0819521 10.7327852 1.40374076 1.25227225 0.851135969 0.346240342 14.8756609 62.836 309.6 186.924011 9.438 68.49722 99.6164856 221.033539 576 240 0.709699631 1.37316 0.1967004 537.3732 0].';
F = [
0.001529263 0.1797943 0.2227302 0 0.05236853 0.01342783 0.002958452 0.07917422 0.03490219 0.008054353 0.004437537 0.01611339 0.0001617332 0.002137536 0 0 0.04893332 0 0 0.0201345 0 0 0.1597513 0.1582721 0.0003659717 0 0.2426391 0.0009149685 0.01532987 0.02954182 0 0.00361391 0 0 0 0 0.05916224
0 0 1.284624 0 0 0 0 0 0 0 0 0 0 0 0 0 0 0 0 0 0 0 0 1.061955 0.9337061 0.8911096 0.6639796 0 2.078068 1.079026 0.642561 0.01423494 0 0 0 0 0
0 0 0 0 0 0 0 0 0 0 0 0 0 0 0 0 0 0 0 0 0 0 0.07133642 1.280482 4.27373 2.708611 0 2.711045 1.6813 2.213203 4.28388 8.067974 0 0 0 12.48852 32.32741
0 0 0.0232082 0 0.02219107 0.02671732 0.002903965 0.0232082 0.02613651 0.02323245 0 0 0 0.0116041 0.01510062 0 0 0 0.002216741 0.001449154 0 0 0.006969735 0.1449154 0 5.02851e-05 0.2506486 1.895362e-05 3.093085e-05 0 0 0 0 0 0 0 0
0 0 0.6956236 0 0.2095662 0.01996164 0.009978258 0.4890599 0.1884306 0.02994244 0 0 0 0.03991738 0.1978648 0.112769 0.3161927 0.4525938 0 0 0 0 0.5637776 1.22501 0.3298104 0.2634935 0.6697884 0 0.8306929 0.9479304 0.9502013 0.7588621 0 0 0 0 0.7796325
0 0 0.3588581 0 0 0.1327924 0.01210754 0.1484473 0.1113346 0.03092652 0.01855577 0 0 0.06188838 0 0 0 0 0 0 0 0 0.09283257 0.7481254 0.4691498 0.0804549 0.6250727 0.2317622 0.3563317 1.182938 0.7243251 0.4061354 0 0 0 0 0.3923147
0 0 0.9472941 0 0 0 0.008979107 0 0.0897909 0.01795818 0 0 0 0 0 0 0 0 0 0 0 0 0 0 0 0 0 0 0 0 3.425529 0 0 0 0 0 0
0 0 0.3335602 0 0 0 0.01015152 0.03970955 0.1488759 0.01985584 0 0 0 0 0 0 0 0 0 0 0 0 0.1290629 0 0 0 0 0 0 1.60394 7.828736 0.03573858 0 0 0 0 0
0 0 0 0 0 0 0 0 0 0 0 0 0 0 0 0 0 0 0 0 0 0 0 0 0 0 0 0 0 0 8.2455 0 0 0 0 2.7485 0
0 0 0 0 0 0 0 0 0 0 0 0 0 0 0 0 0 0 0 0 0 0 0 0 0 0 0 0 0 0 5.943695 0 0 0 0 0 0
0 0 0.3153388 0 0.127015 0.02577116 0.007212845 0.1987015 0.09569754 0.005335504 0.02576098 0.001812261 0.003624307 0.03243603 0.03211386 0.01606008 0.01392866 0.05407078 0.003625649 0.005435565 0 0 0.07207613 0.1267514 0.07131057 0.009949045 0.02141342 0.06879256 0.05372482 0.108605 0.07923395 0.217445 0 0 0 0 0.06602556
0 0 0 0 0 0 0 0 0 0 0 0 0.002627773 0.01110281 0.01110281 0.01104854 0.01110281 0.01733409 0.002101102 0.002626114 0 0 0.04530974 0 0.255861 0 0 0.09138879 0 0 0.06096433 0.002979158 0 0 0 0 0
0 0.03253809 0.3021649 0 0 0.01692517 0 0 0 0.01432124 0.01070663 0 0 0.06423979 0.07859204 0.01871238 0.07859204 0.1900827 0 0 0 0 0.1093622 0.146324 0.09730441 0.02245486 0 0.0336823 0 0.01822704 0.02343476 0.06055194 0 0 0 0.006212619 0.002494986
0 0 0.2218049 0 0 0 0.005678879 0 0 0.01135266 0.006001367 0 0.01135584 0.03406835 0.1533297 0.1987535 0 0 0 0 0 0 0.08514492 0.6003141 1.152603 0.2337943 0.05679874 0.05110125 1.067061 0.2668975 0.239789 0.2997361 0 0 0 0.2337943 0.7493406
0 0 0.3505498 0 0 0 0 0 0 0 0 0 0 0 0.003680037 0.05043717 0 0 0.003680037 0.003680037 0 0 0.03259461 0.7438205 2.120125 0.04205757 0.01892969 0.2502425 1.069839 0.5486323 0 1.055329 0 0 0 0 0.07254929
0 0 0 0 0 0 0 0 0 0 0 0 0 0 0 0 0.3588235 0.3184055 0 0 0 0 0.1939945 0.5644841 1.103868 0.4896261 0 0.4419008 1.523674 1.21217 1.472414 0.775536 0 0 0 0.002651405 0.03980068
0 0 0.8707208 0 0 0 0.01612 0.08062498 0.03224999 0 0 0 0 0 0 0 0.4031257 0.6450012 0 0 0 0 0.30628 0.8861257 3.78742 0.9992342 0 0.999148 5.640352 0.5321412 0 0.9270375 0 0 0 0 0.161179
0 0 0 0 0 0 0 0 0 0 0 0 0 0 0 0 0 0 0 0 0 0 0 0 0 0 0 0 0 0 6.78075 0 0 0 0 10.17112 0
0 0.05440301 0.1297307 0 0.009266637 0 0.009438002 0 0.02831401 0.003777033 0.01510351 0 0 0.0698753 0.1076126 0.05412913 0.05440301 0.2417308 0 0 0 0 0.2226399 0.04783299 0.1151619 0 0.01527953 0.001876423 0.5400063 0.0453279 0.01501138 0.05015921 0 0 0 0 0.076057
0.005294593 0.0352972 0.3123691 0 0.0158869 0.01235405 0.005352831 0.01784278 0.002148848 0.01784278 0.005294593 0.005295634 0.0052876 0 0 0.06010904 0.0423008 0.08652118 0 0.01411927 0 0 0.1892542 0.2117832 0.04935096 0.03348816 0.5657321 0.0052876 0.0423008 0 0.01941346 0.003525072 0 0.001762536 0 0 0
0.002240075 0.05712223 0.05463967 0 0.01120037 0.01119556 0.009589819 0.03426162 0.005575477 0.01027849 0.01119991 0.004479966 0.01007604 0.04907295 0.0211906 0.0200753 0.0211906 0.09069093 0.02463954 0.03023051 0 0.03583502 0.07582648 0.003345882 0.003353223 0.00446118 0.3221745 0 0.06639276 0.1370955 0 0.001115295 0.001115295 0.01114126 0.001113928 0 0
0.007276356 0 0.05064168 0 0.04522117 0.03015683 0.005197783 0 0.06703999 0.02079134 0.005197869 0.01091314 0.008315728 0 0.03689819 0 0.0691202 0.02131126 0 0 0 0 0 0.02078802 0 0.0009646039 0.08263118 0 0.004581871 0.03274318 0 0 0 0 0 0 0
0 0 0 0 0 0 0 0 0 0 0 0 0 0 0 0.1852884 0 0 0 0 0 0 0.1158943 0.281704 1.273779 2.038158 0.1147999 0.110648 2.946529 1.876371 0.9264355 1.266821 0 0 0 0.2779326 12.21122
0 0 0 0 0 0 0 0 0 0 0 0 0 0 0 0 0 0 0 0 0 0 0.1932906 0.9880974 5.800837 2.900206 0 0 0 0 0 10.25113 0 0 0 46.27763 30.25881
0 0 0 0 0 0 0 0 0 0 0 0 0 0 0 0 0 0 0 0 0 0 0 0 6.669806 2.224838 0 0 3.150821 0 4.440766 4.44219 0 0 0 188.5991 234.4725
0 0 0 0 0 0 0 0 0 0 0 0 0 0 0 0 0 0 0 0 0 0 0 0 0 0 0 0 0 0 21.22724 8.11482 0 0 0 108.7899 127.0981
0 0 0.6758066 0 0 0.01936255 0.0193754 0.6776906 0.1355381 0.01936259 0 0 0 0.05811781 0.1742629 0.154908 0.1937054 0.2518802 0 0 0 0 0.4453368 0.7744988 2.226684 2.073599 1.626448 0 0.09010755 3.970959 3.196138 2.343716 0 0 0 0.2325024 0
0 0 0 0 0 0 0 0 0 0 0 0 0 0 0 0 0 0 0 0 0 0 0 0 0 3.621383 0 7.245455 20.1665 0 0 10.55875 0 0 0 0 61.87391
0 0 0 0 0 0 0 0 0 0 0 0 0 0 0 0 0 0 0 0 0 0 0 1.308861 4.171138 2.852274 0 0 16.82747 0 19.92905 6.071411 0 0 0 0 148.0728
0 0 0 0 0 0 0 0 0 0 0 0 0 0 0 0 0 0 0 0 0 0 0 0 0 0 0 0 0 20.8499 20.8499 9.903703 0 0 0 339.3321 130.3119
0 0 0 0 0 0 0 0 0 0 0 0 0 0 0 0 0 0 0 0 0 0 0 0 0 0 0 0 0 0 0 0 0 0 0 1920 0
0 0 0 0 0 0 0 0 0 0 0 0 0 0 0 0 0 0 0 0 0 0 0 0 0 0 0 0 0 21.60018 368.0031 6.397978 0 0 0 0 3.998736
0 0 0.05707494 0 0.01139776 0.03662674 0.01353483 0.01925996 0.03067326 0.02138031 0 0 0.01068645 0.04254678 0 0.04718541 0.02202055 0.1004527 0 0 0 0 0.02918086 0 0.0009339536 0.05273673 0.1113688 0.0009339536 0.008426338 0.09157228 0 0.004669768 0 0 0 0 0
0.003508407 0.1017412 0.3865809 0.02281049 0.1736447 0.0333258 0.008769934 0.1227834 0.1227834 0.008770241 0.01403363 0.01230511 0 0.05790914 0.02631979 0.05636465 0.04042127 0 0 0 0.001754159 0 0 0 0 0 0.5601239 0 0 0 0 0 0 0 0 0 0
0 0 0 0 0 0.00485579 0.01290258 0 0.01161241 0.007735727 0 0 0 0 0 0.01213923 0 0.02838589 0 0 0 0 0 0 0 0 0.01262505 0 0 0.1107049 0.05699639 0 0 0 0 0 0
0 0 0 0 0 0 0 0 0 0 0 0 0 0 0 0 0 0 0 0 0 0 0 0 0 0 0 0 0 0 0 0 0 0 0 0 0
