food_web_filename = 'Bay_of_Biscay_634';
crc = 'crc_71eb3adc';
n = 37;
l = 36;
b0 = [0.401 0.743879259 5.702357 0.2334528 0.908 0.6546688 0.7 1 1 0.321361065 0.409 0.3058636 0.3 0.93384856 0.770803154 0.986276567 1.44943333 1.5 0.528 0.41 0.48 0.2 4.2 10 20 42.1 2.420417 22 22.13682 18.343 32 32 0.009 0.15 0.054 28.86 138.518556816558].';
p = [0 0 0 0 0 0 0 0 0 0 0 0 0 0 0 0 0 0 0 0 0 0 0 0 0 0 0 0 0 0 0 0 0 0 0 3224.2392 0].';
q = [0.07719712 0.0130830705 0 0.00469469 0.193193018 0.06971966 0.195544273 0.000669329951 0.000919079932 0.1112886 0.0818337649 0.00692915 0.09743681 0.0318541527 0.00023928 0.00562308 0 0 0.0716315657 0.05388383 0.05479474 0.0244444218 0.05842152 0.00439438969 0 0 0.03287709 0.00012 0 0 0 0 0 0 0 0 773.197254617921].';
r = [1.02580786 3.50248122 48.9250832 0.436436236 3.223763 3.05167317 4.225257 5.97370338 7.85520029 1.99903274 1.05243886 0.6440264 1.04718 3.88854527 4.136939 5.622512 11.0852652 10.7327852 1.40374076 1.25227225 0.851135969 0.346240342 13.9708786 62.836 309.6 186.924011 9.439627 68.49722 99.61569 221.033539 576 240 0.709699631 1.37316 0.1967004 537.3732 0].';
F = [
0.001613631 0.1467137 0.2778195 0 0.04838832 0.01699368 0.003121667 0.08354522 0.02832281 0.01132817 0.004682351 0.02652546 0.0001706558 0.002255462 0 0 0.05163293 0 0 0.0212453 0 0 0.1685646 0.1670038 0.000386162 0 0.2560252 0.0009654465 0.0161756 0.01678042 0 0.003813286 0 0 0 0 0.06242616
0 0 1.215452 0 0 0 0 0 0 0 0 0 0 0 0 0 0 0 0 0 0 0 0 0.5040006 0.3356644 0.5040006 0.3755385 0 1.175329 0.3634243 0.3634243 0.008051103 0 0 0 0 0
0 0 0 0 0 0 0 0 0 0 0 0 0 0 0 0 0 0 0 0 0 0 0.0720492 1.293276 4.316432 2.735675 0 2.738133 1.698099 1.519353 4.326684 8.148588 0 0 0 12.6133 32.65042
0 0 0.023253 0 0.02223391 0.02676889 0.002909571 0.02908615 0.02618696 0.01745169 0 0 0 0.0116265 0.01512977 0 0 0 0.00222102 0.001451951 0 0 0.006983189 0.1451951 0 5.038216e-05 0.2511324 1.89902e-05 3.099056e-05 0 0 0 0 0 0 0 0
0 0 0.3374168 0 0.0183366 0.01829227 0.02288497 0.1736636 0.0914054 0.009140192 0 0 0 0.08684451 0.09597567 0.1463345 0.1533714 0.2195338 0 0 0 0 0.4120908 0.5941993 0.1599767 0.1278094 0.3248853 0 0.4029331 0.2013374 0.2293393 0.3680911 0 0 0 0 0.376102
0 0 0.3631028 0 0 0.02127721 0.08510886 0.276539 0.03977462 0.01276334 0.008139966 0 0 0.01590834 0 0 0 0 0 0 0 0 0.1670376 0.8192797 0.3300981 0.01175773 0.4494532 0.16307 0.2507183 0.3595453 0.3209728 0.2857606 0 0 0 0 0.2770035
0 0 1.617102 0 0 0 0.0486277 0 0.07902286 0.01215736 0 0 0 0 0 0 0 0 0 0 0 0 0 0 0 0 0 0 0 0 4.321787 0 0 0 0 0 0
0 0 0.3411095 0 0 0 0.04059898 0.05074823 0.1014968 0.01014965 0 0 0 0 0 0 0 0 0 0 0 0 0.2334427 0 0 0 0 0 0 1.329617 8.005921 0.03654744 0 0 0 0 0
0 0 0 0 0 0 0 0 0 0 0 0 0 0 0 0 0 0 0 0 0 0 0 0 0 0 0 0 0 0 8.2455 0 0 0 0 2.7485 0
0 0 0 0 0 0 0 0 0 0 0 0 0 0 0 0 0 0 0 0 0 0 0 0 0 0 0 0 0 0 2.880953 0 0 0 0 0 0
0 0 0.3328825 0 0.008453362 0.02315565 0.01544622 0.04636829 0.01825363 0.01390248 0.008491904 0.03198551 0.00309122 0.06623686 0.02741045 0.01370791 0.01188866 0.1498284 0.006793527 0.02436962 0 0 0.2010493 0.1081873 0.06086638 0.008491904 0.0182772 0.04076112 0.04585627 0 0.0676293 0.1358705 0 0 0 0 0.0563554
0 0 0 0 0 0 0 0 0 0 0 0 0.00577532 0.02033311 0.02033311 0.02023371 0.02033311 0.03174474 0.003847848 0.004809328 0 0 0.08297789 0 0.4685704 0 0 0.1819226 0 0 0.09621569 0.005455874 0 0 0 0 0
0 0.008087141 0.3423556 0 0 0.01917637 0 0 0 0.0134813 0.01213071 0 0 0.07278427 0.08904551 0.0212013 0.08904551 0.2153654 0 0 0 0 0.1531165 0.1657864 0.1102468 0.02544157 0 0.03816235 0 0.007067102 0.0141342 0.06860591 0 0 0 0.007038955 0.002826842
0 0 0.2217238 0 0 0 0.01799136 0 0 0.006021058 0.005999173 0 0.005683798 0.0340559 0.3235311 0.1703245 0 0 0 0 0 0 0.06000947 0.6000948 1.152182 0.2337088 0.01799752 0.02996267 1.066671 0.2097387 0.2397013 0.2996266 0 0 0 0.2337088 0.7490667
0 0 0.3537963 0 0 0 0 0 0 0 0 0 0 0 0.003714119 0.05090428 0 0 0.003714118 0.003714119 0 0 0.03289647 0.7507091 2.13976 0.04244708 0.019105 0.2525601 1.079747 0.4931289 0 1.065103 0 0 0 0 0.07322119
0 0 0 0 0 0 0 0 0 0 0 0 0 0 0 0 0.3834998 0.3834998 0 0 0 0 0.2073355 0.6033038 1.179782 0.5232978 0 0.4722904 1.628457 0.7207151 1.573671 0.8288696 0 0 0 0.002833742 0
0 0 1.231536 0 0 0 0.01629379 0.0814522 0.08145836 0 0 0 0 0 0 0 0.4072934 0.6190854 0 0 0 0 0.4724584 0.8956791 3.828253 1.010007 0 1.00992 5.701163 0 0 0.937032 0 0 0 0 0
0 0 0 0 0 0 0 0 0 0 0 0 0 0 0 0 0 0 0 0 0 0 0 0 0 0 0 0 0 0 6.78075 0 0 0 0 10.17112 0
0 0.05492851 0.1309838 0 0.009356147 0 0.009529167 0 0.0285875 0.003813517 0.007627623 0 0 0.07055025 0.108652 0.05465198 0.05492851 0.2440657 0 0 0 0 0.2326425 0.04829503 0.1162743 0 0.01542712 0.001894548 0.5452224 0.02711363 0.01515638 0.05064372 0 0 0 0 0.07679167
0.007060993 0 0.3124287 0 0.001769068 0 0.005353852 0.01784618 0.002149258 0.01784618 0.008826227 0.02649237 0.00528861 0 0 0.0601205 0.04230888 0.0865377 0 0.01412196 0 0 0.1892903 0.246802 0.04936037 0.03349455 0.56584 0.00528861 0.04230888 0 0.01939158 0.003525743 0 0.001762872 0 0 0
0.003424056 0.03537583 0.05569882 0 0.0102704 0.01141257 0.00977571 0.03197365 0.005683553 0.004512742 0.01141701 0.004566806 0.002283832 0.0500242 0.02160136 0.02046444 0.02160136 0.09244891 0.02511914 0.03082639 0 0.03652965 0.07729632 0.01484203 0.003418224 0.004547656 0.3390021 0 0.06767974 0.1295874 0 0.001136914 0.001136914 0.01712669 0.001135521 0 0
0.007276263 0 0.05064105 0 0.01403075 0.03015645 0.0519687 0 0.07224308 0.005203902 0.005197288 0.010913 0.005717078 0 0.03689772 0 0.0795185 0.0109144 0 0 0 0 0 0.02078776 0 0.0009645917 0.0826301 0 0.004581812 0.0301479 0 0 0 0 0 0 0
0 0 0 0 0 0 0 0 0 0 0 0 0 0 0 0.2199596 0 0 0 0 0 0 0.1110283 0.2698762 1.220298 1.952583 0.1099798 0.1060023 2.822815 1.356418 0.8875377 1.213632 0 0 0 0.2199596 11.69851
0 0 0 0 0 0 0 0 0 0 0 0 0 0 0 0 0 0 0 0 0 0 0.1932132 0.9877014 5.798512 4.732883 0 0 0 0 0 9.319487 0 0 0 46.25908 29.37913
0 0 0 0 0 0 0 0 0 0 0 0 0 0 0 0 0 0 0 0 0 0 0 0 6.669806 2.224838 0 0 3.150821 0 4.440766 4.44219 0 0 0 188.5991 234.4725
0 0 0 0 0 0 0 0 0 0 0 0 0 0 0 0 0 0 0 0 0 0 0 0 0 0 0 0 0 0 21.22724 8.11482 0 0 0 108.7899 127.0981
0 0 0.6753855 0 0 0.01936075 0.03873573 0.09678422 0.09678422 0.01936098 0 0 0 0.05808163 0.1125643 0.2251285 0.4727698 0.6389045 0 0 0 0 0.4454493 2.187741 2.033573 2.072308 2.206258 0 0.09005141 2.982574 2.324216 2.342178 0 0 0 0.2251285 0
0 0 0 0 0 0 0 0 0 0 0 0 0 0 0 0 0 0 0 0 0 0 0 0 0 4.448578 0 7.241872 20.15652 0 0 10.29269 0 0 0 0 61.32634
0 0 0 0 0 0 0 0 0 0 0 0 0 0 0 0 0 0 0 0 0 0 0 1.308851 4.171104 2.852251 0 0 16.82733 0 19.92889 6.071362 0 0 0 0 148.0716
0 0 0 0 0 0 0 0 0 0 0 0 0 0 0 0 0 0 0 0 0 0 0 0 0 0 0 0 0 20.8499 20.8499 9.903703 0 0 0 339.3321 130.3119
0 0 0 0 0 0 0 0 0 0 0 0 0 0 0 0 0 0 0 0 0 0 0 0 0 0 0 0 0 0 0 0 0 0 0 1920 0
0 0 0 0 0 0 0 0 0 0 0 0 0 0 0 0 0 0 0 0 0 0 0 0 0 0 0 0 0 21.60701 368.1194 10.27357 0 0 0 0 0
0 0 0.05710229 0 0.003945249 0.03664429 0.02069653 0.03349527 0.03068796 0.01425402 0 0 0.003563326 0.04256717 0 0.04720803 0.0220311 0.1005008 0 0 0 0 0.02919485 0 0.0009344011 0.05276199 0.1114222 0.0009344011 0.008430375 0.09161616 0 0.004672006 0 0 0 0 0
0.008779007 0.09656779 0.3865056 0.02280605 0.01932673 0.03865345 0.01754196 0.2017268 0.1403444 0.00877073 0.01754148 0.01230271 0 0.05788688 0.06139686 0.05635368 0.04041341 0 0 0 0.007017598 0 0 0 0 0 0.5600148 0 0 0 0 0 0 0 0 0 0
0 0 0 0 0 0.00485579 0.01290258 0 0.01161241 0.007735727 0 0 0 0 0 0.01213923 0 0.02838589 0 0 0 0 0 0 0 0 0.01262505 0 0 0.1107049 0.05699639 0 0 0 0 0 0
0 0 0 0 0 0 0 0 0 0 0 0 0 0 0 0 0 0 0 0 0 0 0 0 0 0 0 0 0 0 0 0 0 0 0 0 0
