food_web_filename = 'Black_Sea_693';
crc = 'crc_763bc77f';
n = 10;
l = 9;
b0 = [0.00999001 0.03151951 0.121 0.538 0.112 0.821 0.54 0.736 1.95 80].';
p = [0 0.06303902 0 0 0 0 0 0 680.94 0].';
q = [0.001 0.0163 0.0241 0.17 0 0 0 0 0 410.294525019421].';
r = [0.148351654 0.1087423 0.06897001 3.92739987 1.38432026 10.14756 125.28 15.9417591 113.49 0].';
F = [
0 0.000949051 0.01803197 0.1708292 0 0 0 0 0 0
0 0 0 0.09455853 0 0 0 0 0 0
0 0 0.01815 0.063525 0 0 0.0363 0 0 0.063525
0 0 0 0 0 0 5.918 0 0 0
0 0 0 0 0 0 1.6352 0 0.32704 1.30816
0 0 0 0 0 0 11.9866 0 2.39732 9.58928
0 0 0 0 0 0 0 0 111.78 74.52
0 0 0 0 0 0 3.99648 0 15.98592 6.6608
0 0 0 0 0 0 0 0 0 0
0.04045854 0.03160619 0.05224803 1.491687 1.88608 13.82564 37.44742 10.70144 436.9597 0
];

