food_web_filename = 'Black_Sea_435';
crc = 'crc_5d77c935';
n = 7;
l = 6;
b0 = [0.0581699349 0.7278664 0.351 214 145.8956 340 200].';
p = [0.202431373452 0 0 0 0 133824 0].';
q = [0.089 0.238 0.088 0 0 0 95621.2535993408].';
r = [0.305973858 3.05703878 2.6325 4571.04 11321.498 22304 0].';
F = [
0 0.2530392 0.05060784 0 0 0 0
0 0 0 0 6.550798 0 0
0 1.4742 0.4212 0 0.8424 0 1.4742
0 0 0 0 4194.4 838.88 3355.52
0 0 0 0 0 9993.849 9993.849
0 0 0 0 0 0 0
0.1111046 1.528519 1.019692 3817.76 4464.405 100687.3 0
];

