food_web_filename = 'Black_Sea_692';
crc = 'crc_495c382b';
n = 9;
l = 8;
b0 = [0.00999001 0.0497926921 0.329 1.457 0.48 0.903 1.06 1.95 80].';
p = [0 0.0995853842 0 0 0 0 0 680.94 0].';
q = [0.001 0.0263 0.0212 0.41 0 0 0 0 317.558930993042].';
r = [0.148351654 0.171784788 0.18753 10.6361 5.93280029 209.496 22.9595985 113.49 0].';
F = [
0 0.000949051 0.01803197 0.1708292 0 0 0 0 0
0 0 0 0.1493781 0 0 0 0 0
0 0 0.04935 0.172725 0 0.0987 0 0 0.172725
0 0 0 0 0 16.027 0 0 0
0 0 0 0 0 7.008 0 1.4016 5.6064
0 0 0 0 0 0 0 186.921 124.614
0 0 0 0 0 5.7558 0 23.0232 9.593
0 0 0 0 0 0 0 0 0
0.04045854 0.04992962 0.217388 4.487968 8.0832 73.1495 15.4124 356.1042 0
];

