food_web_filename = 'Black_Sea_691';
crc = 'crc_a3cbbb6a';
n = 9;
l = 8;
b0 = [0.01 0.02 0.05 0.2 0.03 0.66 0.09 0.88 80].';
p = [0 0.04 0 0 0 0 0 307.296 0].';
q = [0.001 0.01 0 0.02 0 0 0 0 98.94278656937].';
r = [0.1485 0.06899999 0.0285000019 1.46 0.370800018 153.12001 1.9494 51.216 0].';
F = [
0 0.00095 0.01805 0.171 0 0 0 0 0
0 0 0 0.06 0 0 0 0 0
0 0 0.0075 0.02625 0 0.015 0 0 0.02625
0 0 0 0 0 2.2 0 0 0
0 0 0 0 0 0.438 0 0.0876 0.3504
0 0 0 0 0 0 0 136.62 91.08
0 0 0 0 0 0.4887 0 1.9548 0.8145
0 0 0 0 0 0 0 0 0
0.0405 0.02005 0.02095 0.46275 0.5052 71.4383 1.3086 117.4176 0
];

