food_web_filename = 'Bothnian_Sea_Sandberg_2000';
crc = 'crc_9c6a5cf2';
n = 12;
l = 10;
b0 = [0.73 0.14 0.05 0.2 0.007 0.56 0.01 0.15 4.8 0.32 280 310].';
p = [122.2 0 0 0 0 0 3.9 0 0 0 6 0].';
q = [0 0 0 0 0 0.118783484317995 0 0.0541340738578012 0 0 0 0].';
r = [0.0399651150114467 24.9049443563838 4.06289805034525 27.3968888383003 3.30414739758393 4.45438066192482 0.900000000000005 0.72178765143735 54.2354616224857 11.9066087483516 0 0].';
F = [
0 0 0 0 0 0 0 0 0 0 0 0
0 0 0 0 0 0 0 0 0 0 56.0361248018638 0
7.99302300228933 31.1311804454798 0 0 0 0 0 0 0 0 0 0
39.432246811294 0 15.4992036735393 0 0 0 0 0 0 0 0 0
0 0 0 5.50691232930659 0 0 0 0 0 0 0 0
0 0 0 3.85483863051461 1.37672808232664 0 0 0.072178765143735 1.02147506194816 0 0 0
0 0 0 0 0 0 0 0 0 0 0 0
0 0 0 0.413018424697994 0.0413018424697991 0.0148479355397494 0 0.0180446912859337 0.55937920059066 0 0 0
17.0517824048839 0 0 0 0 0 0 0 1.89702511504659 4.24258472642413 0 122.076954063559
0 0 0 0 0 0 0 0 0 0.218972114912213 0 22.8552144939623
23.979069006868 0 19.5621017238846 8.87989613100688 0.784735006926182 0 1.50000000000001 0 0 0 0 0
33.7039136596534 0 0 8.87989613100688 0 1.73720845815068 1.50000000000001 0.180446912859337 87.5550053098425 6.70602101918653 4.66967706682198 0
];

