food_web_filename = 'Calvi_Bay_473';
crc = 'crc_39c6d9c6';
n = 27;
l = 26;
b0 = [6.678 0.009 1.922 2.312 12.3852739 2.9 7.472 0.64 0.036 0.6173874 4.74 15.401 0.153 0.8756016 3.26290822 0.745 1.42766464 70 64.426 10.002 21.4013672 24.63 62.339 76.38921 5.37493324 970.744751 230.85].';
p = [0 0.15336 3.2874849 3.31483 3.096813885956 4.66842 10.6834656 0 0.03452436 0.813160653428382 17.09955 142.5454956 1.0510488 0 166.40831922 41.98075 85.6598784 350 24.288086592 462.604990472595 37.228106271744 41.366835971163 0 0 726.5834753832 1832.3777919876 0].';
q = [0 0 0.531 0.532 0.192 0.039 0.122 0.008 0.065 0 0.074 0.354 0.022 0 0 0 0 0 0 0 0 0 0 0 0 0 106.370525531154].';
r = [24.7439156 0.59076 6.93968153 10.0125322 62.38324 12.6846247 41.78576 2.97009158 0.170019925 6.847349 21.9521236 126.214165 0.4957429 748.1473 171.89 26.7455025 40.688446 455 62.5061073 538.767761 147.094147 255.893372 294.8136 361.1071 121.0972458972 305.3962986646 0].';
F = [
0 0 0 0 0 0 0 0 0 0 0 0 0 0 0 0 0 24.88704 0 0 0 6.567412 0 3.11088 0 0 0
0 0 0 0.0612 0.13392 0.02808 0.1404 0.00216 0 0 0.04392 0.08424 0.07272 0 0 0 0 0 0 0 0 0 0 0 0 0 0
0.2629988 0 0 0.08453533 3.428377 0.04696407 0.4132838 0.009392814 0 0.09392814 0.02817844 0.7702107 0 0 0 0 0 0 0 0 0 0.958067 0.009392814 0 0 0 0
0.05303728 0 0 0 1.286154 0 1.007708 0 0 0.1060746 0 1.074005 0 0 0 0 0 0 0 0.1856305 0.0662966 6.099287 0 0.05303728 0 0.01325932 0
0.07742035 0 0 0 0.07742035 0 0.07742035 0 0 0.1548407 0 0 0 0 0 0 0 6.038788 3.561336 4.025858 9.909804 6.812991 35.07142 0.8516238 0 7.664614 0
0 0 0 0 0 0 0 0 0 0 0 0 0 0 0 0 0 6.535788 2.131912 0.466842 0.1244912 0.1711754 0.2645438 0.09336842 0 1.10486 0
5.234898 0 0 0 0 0 0 0 0 0 0 0 0 0 0 0 0 6.356662 0.8546772 3.258457 0.8546772 4.273387 2.510614 17.36063 0 2.029858 0
0 0 0 0 0 0 0 0 0 0 0 0 0 0 0 0 0 2.499813 0.01474816 0.0368704 0.01474816 0 0.1216723 0 0 0.9991878 0
0 0 0 0 0.000265572 0 0 0 0 0 0 0 0 0 0.0151376 0 0 0 0 0.1009174 0.03266536 0.02124576 0.000265572 0 0 0.000796716 0.0597537
0 0 0 0 0 0 0 0 0 0 0 0 0 0 0.1301058 0 0 0.3252644 0 2.699694 0.4309753 0.03252645 1.325452 0.04065805 0 2.333772 0
0 0 0 0 0 0 0 0 0 0 0 0 0 0 0 0 0 0.8549775 0 0.113997 0.227994 0.113997 0.113997 0.113997 0 37.73301 0.6269835
0 0 0 0 0 0 0 0 0 0 0 0.1583839 0 0 12.67072 2.058991 0 0 0 0.4751517 0.3167678 0 0 0.1583839 0 0 0
0 0 0 0 0 0 0 0 0 0 0 0 0 0 0.0840839 0 0 0 0 0.005255244 0 0 0 0 0.1418916 0.03153146 0
0 0 0 0 0 0 0 0 0 0 0 0 0 0 0 0 0 0 0 0 0 0 0 0 0 0 1662.531
0 0 0 0 0 0 0 0 0 0 0 0 0 0 2.218778 0 132.572 0 0 0 0 0 0 0 253.4953 0 0
0 0 0 0 0 0 0 0 0 0 0 0 0 0 9.387 0.5215 0 0 0 0 0 0 0 0 0 0.26075 0
0 0 0 0 0 0 0 0 0 0 0 0 0 107.0748 0 0 21.41497 0 0 0 0 0 0 0 85.65988 0 128.4898
0 0 0 0 0 0 0 0 0 0 0 0 0 54.6 18.2 3.5 48.3 0 0 7 0 0 0 0 126.7 0 91.7
0 0 0 0 0 0 0 0 0 0 0 0 0 1.964478 0.1785889 0 0 5.179077 0 0.5357666 0 0 0.1785889 0 0 132.3344 13.92993
0 0 0 0 0 0 0 0 0 0 0 0 0 0 8.32689 0 8.32689 0 0 0 0 0 0 0 16.65378 410.7932 19.42941
0 0 0 0 0 0 0 0 0 0 0 0 0 0 11.16843 0 0 0 0 0 0 0 13.49519 0 0 232.6757 170.7839
0 0 0 0 0.9295918 0 0 0 0 0 0 0 0 1.859184 26.49337 6.507141 1.394388 15.80306 2.32398 79.01532 109.6918 40.90204 5.112754 27.88775 0 29.28214 76.69134
0 0 0 0 0 0 0 0 0 0 0 0 0 71.40424 66.11504 0 0 10.57841 13.22301 66.11504 59.50354 0 59.50354 13.22301 92.56105 198.3451 550.0772
0 0 0 0 0 0 0 0 0 0 0 0 0 0 0 0 0 45.24317 12.65544 4.519797 1.807919 7.231675 75.93259 75.93259 0 395.0302 199.775
0 0 0 0 0 0 0 0 0 0 0 0 0 0 0 0 0 0 0 0 0 0 0 0 0 0 0
0 0 0 0 0 0 0 0 0 0 0 0 0 0 0 0 0 0 0 0 0 0 0 0 0 0 0
4.19306 0.12924 1.922133 2.569053 8.98938 2.762733 9.87076 0.6973957 0.03055206 0.9294162 34.90028 29.72889 0.7233481 677.481 227.8163 12.81687 175.6028 120.698 81.31767 218.8129 135.2755 136.1835 712.1955 318.1954 30.27431 76.34907 0
];

