food_web_filename = 'Campeche_323';
crc = 'crc_8750b65c';
n = 19;
l = 18;
b0 = [0.07974482 0.753351569 0.361729115 0.0656244 6.56208038 1.90567541 0.0994755 0.6463617 1.51808131 0.09968103 3.712162 0.307017565 10.3111134 21.1837311 19.3528748 2.51440716 7.80491161 8.895316 12.4].';
p = [0 0 0 0 0 0 0 0 0 0 0 0 0 0 0 0 434.792894005236 133.42974 150].';
q = [0.1 0.17 0.4 0.14 0.2 1.7 0.11 0.41 1.35 0.1 0 0.14 0 0 0 0 0 0 14.5662572817644].';
r = [0.5964913 6.83289862 2.385965 0.97281605 28.3481865 12.6536846 0.6561404 5.532856 14.2092409 0.5964913 22.6441879 2.726316 96.55327 109.30806 159.661209 140.454773 72.465482334206 22.23829 0].';
F = [
0 0 0 0.004385965 0.3026316 0 0 0.1 0 0 0.1219298 0 0.2166667 0.07280702 0.04122807 0 0 0 0.01754386
0 0 0 0.01001958 3.607047 0 0 0 0 0 0.5711158 0 3.707243 0.06011746 1.703328 0 0 0.2304502 0.1302545
0 0 0 0 0.2807018 0 0 0 0 0 0.7157896 0 1.08772 0.2210527 1.122807 0 0 0.08070177 0
0 0 0 0 0.05293264 0 0 0 0 0 0.2303285 0 0.8783957 0.03290407 0.1230326 0.1015734 0 0.0114449 0
0 0.9449396 0 0 0 0.4724698 0 0.4724698 0.9449396 0 7.087048 0 7.087048 14.1741 1.889879 7.087048 0 0 7.087048
0 0 0 0 1.213915 0 0 0 0 0 0.1867562 0 10.58908 2.09167 1.96094 0 0 0.1867562 2.446506
0 0.008684211 0 0.008684211 0.1177193 0 0 0 0.01254386 0 0.08684211 0 0.1196491 0.0308772 0.3724562 0 0 0.01157895 0.1958772
0 0 0 0 0.8208794 0 0 0 0 0 0.47611 0 2.388759 2.323089 0.4843188 0 0.1231319 1.239528 0.3529781
0 0 0 0 2.329344 0 0 0 0 0 0.02079771 0 10.79401 0.1871794 0 0.8527063 0 4.533902 2.079771
0 0 0 0 0.05175439 0 0 0 0 0 0.007017545 0 0.03245614 0.2736842 0.1166667 0 0 0.2903509 0.1052632
0 0 0 0 0 0 0 0 0 0 0 0 4.083378 14.29182 4.083378 0 0 0 18.3752
0 0 0 0 0 0 0 0 0 0 0.01796053 0 0.7615264 0.8549212 0.03592106 0 0 1.882263 0.03951316
0 0 0 0 0 0 0 0 0 0 0 0 0 0 38.62543 0 57.93815 0 96.56358
0 0 0 0 0 0 0 0 0 0 0 0 0 0 0 36.43602 63.76303 45.54502 36.43602
0 0 0 0 0 0 0 0 0 0 0 0 13.3051 0 0 0 0 39.9153 212.8816
0 0 0 0 0 0 0 0 0 0 0 0 0 0 0 0 222.3867 11.70457 0
0 0 0 0 0 0 0 0 0 0 0 0 0 0 0 0 0 0 0
0 0 0 0 0 0 0 0 0 0 0 0 0 0 0 0 0 0 0
0.1807018 2.063053 0.7228071 0.2947061 9.921866 3.849464 0.1987719 1.693468 4.280989 0.1807018 8.667898 0.7257895 41.52285 38.25782 55.88143 49.15917 18.11637 5.559573 0
];

