food_web_filename = 'Canada_Grand_Banks_of_655';
crc = 'crc_14db3376';
n = 31;
l = 30;
b0 = [0.146 0.24819 0.0457474738 0.012 2.572434 0.363 0.469 0.811 0.883 0.742 0.45802927 0.15 1.7338773 1.020452 2.2097156 16.0966358 1.72196674 4.03129673 0.0242119767 0.9929989 3.41752458 0.9975682 1.98837256 70.6 16.4 8.8 2.7 23.3340263 34.64604 27.25 389].';
p = [0 0 0 0 0 0 0 0 0 0 0 0 0 0 0 0 0 0 0 0 0 0 0 0 0 0 0 0 0 3387.72 0].';
q = [0 0.00120179 0.000241392 0.001 0.6954378 3.4018e-06 0.04757356 0.001016187 0.06542623 0.016951872 0.0181177948 0.0136624621 0.126988009 0.0284263827 0 0.1689799 0 0 0.002941881 0.02060677 0.02512709 0.004738578 0.01804589 0 0.000329295 0 0 0 0 0 1387.38879395823].';
r = [1.35686553 3.43187237 0.474447072 0.5226 2.852829 1.338381 0.415721655 2.28896618 0.937746048 1.75393951 0.6966624 0.299610019 2.248839 1.03916025 3.83017349 36.9417839 8.581134 6.90023565 0.0548740253 2.58179712 7.40463638 6.268054 6.271327 334.17334 73.74533 138.844452 20.25 283.9051 485.044556 564.62 0].';
F = [
0 0 0 0 0 0.01235456 0 0 0 0 0 0 0 0.01311989 0.01311989 0.9342456 0.0996382 0 0 0.17413 0.03134189 0 0 0 0 0 0 0.2395837 0.1967983 0 0
0 0 0 0 0.05612462 0.1467875 0.03453823 0.3367477 0.003871821 0.07339375 0.03022095 0 0.02158639 0 0.2029121 1.377212 0.4101414 0.945484 0.004317278 0.2201811 0.1640566 0.155422 0 0 0.0003338271 0 0.01295183 0.1252011 0 0 0
0 0 0 0 0.05567847 0 0.02514512 0.2017596 0 0 0.09758703 0 0.02933596 0 0.07184318 0.004789546 0 0.008381703 0 0.01676341 0.08800789 0 0 0 0 0 0 0 0 0 0
0 0 0 0 0 0.003285 0 0 0 0 0 0 0 0 0.010512 0.4599 0.03285 0.03942 0.0006570001 0.010512 0.019053 0.003942001 0 0 0.0006570001 0 0 0.07292701 0.003285 0 0
0 0 0 0 0 0.08502942 0 0.03968039 0 0.06235488 0.00187381 5.135022e-05 0.05101763 0 0.2210765 3.871672 0.2324137 0.1417157 0 0.01133725 0.02834313 0.2380823 0.2380823 0.01700588 0.06235488 0.02267451 0.06235488 0.2720941 0.0001401211 0 0
0 0 0 0 0 0.01545041 0 0.004414403 0 0.0006493078 2.280768e-06 0 0.0001431187 0 0.05297283 0.9490966 0.06842324 0.07063046 0 0.01103601 0.03090081 0.1743689 0.04855843 0 0.01324321 0.03752243 0.306801 0.4259899 0.0004668011 0 0
0 0 0 0 0 0.05261443 0 0.08792147 0 0.0006598265 0.001680106 0.0006696799 0.1775517 0 0.05947654 0.2650283 0 0.01850403 0.001284391 0.004153771 0.01176902 0.009215598 6.697956e-06 0 1.699425e-05 1.529647e-05 0.0004544218 0.00215235 7.336735e-06 0 0
0 0 0 0 0 0.03358333 0 0.02097054 0 0 0 0 0.0001049693 0 0.02905738 3.205867 0.0007725626 0.1913282 0 0.03845031 0.1153509 0.08530941 0 0.0002777073 0 6.26421e-05 0.0133518 0.1120511 3.498978e-05 0 0
0 0 0 0 0 0.0003039413 0 0.02090511 0 0.002164353 0.0002199359 0 0 0 0.0172817 0.7018106 0.1215748 0.001445184 0 0 0 0.006620263 0.06295477 0.5431618 0.07217198 0.04946431 0.1423172 0.02359681 6.849222e-06 0 0
0 0 0 0 0 0 0 0.007761137 0 0.01247326 0 0 0.003326202 0 0.02494652 1.217944 0.1141996 0.01524509 0 0 0 0.04933866 0.03603385 0.3994214 0.03270765 0.3694857 0.4285255 0.06070318 0 0 0
0 0 0 0 0 0 0 0 0 0 0 0 0 0 0.02250756 0.006430731 0.006430731 0 0 0 0 0.01393325 0.001071788 0.03965617 0.05466121 0.5455403 0.3740542 0.007502519 0 0 0
0 0 0 0 0 0.02162825 0 0.0004325651 0 0.0004325651 0.003027956 0 0.0372006 0 0.04801475 0.04887987 0.04887987 0.0004325651 0 0.02508877 0.003027956 0.009516433 0.1345277 0.001730261 0.006488476 0.03460521 0.005623345 0.001730261 0.0004325651 0 0
0 0 0 0 0 0.006935509 0 0 0 0 0 0 0.02427428 0 0.003467755 0.02947591 0.003467755 0 0 0 0.8548015 0.1213714 0 0 0 0 0 1.865652 0.5583085 0 0
0 0 0 0 0 0.002155194 0 0 0 0.001549246 0 0.0004732474 0.02740678 0 0.0006619068 0.03054845 0.007629515 0 0 0 0.04389209 0.132837 0.03548716 0.3908607 0.1391651 0.1219395 0.2880894 0.3470998 0.02891286 0 0
0 0 0 0 0 0 0 0 0 0 0 0 0 0 0.05892575 0.1178515 0.02946287 0.05892575 0 0.01178515 0.01767772 0.1178515 0.05892575 0.5892575 0.5892575 1.178515 2.474881 0.2946287 0.2946287 0 0
0 0 0 0 0 0 0 0 0 0 0 0 0 0 0 0.6921553 0.6921553 0 0 0 0 0 0 0 0 0 0 30.03954 37.79168 0 0
0 0 0 0 0 0 0 0 0 0 0 0 0 0 0 0 0 0 0 0 0 0 0 0 0 0 0 4.62061 8.581134 0 0
0 0 0 0 0 0 0 0 0 0 0 0 0 0 0 0.4033984 0 0.0212315 0 0 0 0 0 0 0 0 0 6.794078 3.397039 0 0
0 0 0 0 0 0.0001609143 0 0 0 0 0 0 0.0001609143 0 0.002816 0.01166629 0.001287314 0 0 0.0219648 0.01512595 0.0009654861 0 0 0 0.0002413714 0.001528686 0.02373486 0.001045943 0 0
0 0 0 0 0 0.01986915 0 0 0 0 0 0 0 0 9.963902e-05 3.012163 0.01192149 0 0 0 0.1748485 0.01793505 0 0 0 0 0 0.6874726 0.04768595 0 0
0 0 0 0 0 0 0 0 0 0 0 0 0 0 0 0 0 0 0 0 0 0.05693028 0 0 0 0 0.5693028 6.000452 4.765064 0 0
0 0 0 0 0 0 0 0 0 0 0 0 0 0 0 0 0 0 0 0 0 0 0 0 0 0.1446474 0.1446474 1.157179 2.314358 0.8196686 5.062659
0 0 0 0 0 0 0 0 0 0 0 0 0 0 0 0 0 0 0 0 0 0.1757721 0.08788607 2.636582 1.054633 2.636582 1.054633 0.1757721 0.08788607 0 0.8788607
0 0 0 0 0 0 0 0 0 0 0 0 0 0 0 0 0 0 0 0 0 0 0 0 0 0 0 0 0 0 470.6667
0 0 0 0 0 0 0 0 0 0 0 0 0 0 0 0 0 0 0 0 0 0 0 0 0 0 0 0 0 0 103.8667
0 0 0 0 0 0 0 0 0 0 0 0 0 0 0 0 0 0 0 0 0 0 0 0 0 0 0 0 0 0 195.5555
0 0 0 0 0 0 0 0 0 0 0 0 0 0 0 0 0 0 0 0 0 0 0 0 0 0 0 0 0 0 33.75
0 0 0 0 0 0 0 0 0 0 0 0 0 0 0 0 0 0 0 0 0 0 0 0 0 0 0 22.75068 218.4065 168.355 45.50135
0 0 0 0 0 0 0 0 0 0 0 0 0 0 0 0 0 0 0 0 0 0 0 0 0 0 0 0 0 970.0891 0
0 0 0 0 0 0 0 0 0 0 0 0 0 0 0 0 0 0 0 0 0 0 0 0 0 0 0 0 0 0 0
0.3574664 0.8884104 0.1246035 0.1334 1.999285 0.472128 0.1702035 0.8359975 0.7589559 0.8475433 0.2223961 0.1172333 0.7198192 0.5180016 1.222709 14.76464 2.739362 2.202768 0.01662394 0.8241891 2.363788 2.000956 1.795699 131.8754 28.09531 51.56981 7.620483 95.00799 208.5691 1683.836 0
];

