food_web_filename = 'Cape_Verde_486';
crc = 'crc_7d1a349e';
n = 31;
l = 30;
b0 = [0.0204889327 0.03441031 0.08338702 2.225 0.334722668 0.711501837 0.6587464 0.159989983 0.04500956 0.254904866 0.1409494 0.216 0.019238703 1.893 1.456 0.002242229 12.05 0.3960874 1.841 0.645630836 0.968 0.125909045 13.04811 15.0421944 25.8423138 12.8433161 0.439412445 2.84795117 2.741167 20.4635372 300.8].';
p = [0.762801842651935 0.146109661921172 0.18145015552 8.4926359882525 0.500822869546002 0.842922001412011 0.112187834307468 0 0.0295558890727821 0 0 0 0 0 0 0 0 0 0 4.6162604774 0 0 0 0 0 0 0 0 937.479114 325.37024148 0].';
q = [0.001 0.001 0.002 0.832 0.197 0.017 0.034 0.011 0.001 0.011 0.002 0.087 0 0.006 0.027 0.001 0.425 0.006 0.017 0.006 0.007 0.00500000035 0.007 0 0.005 0.005 0 0 0 0 109.563275350802].';
r = [1.78970826 0.321117 0.401925445 18.5903187 2.33626366 4.916762 3.02035236 0.313580364 0.09156745 0.685898066 0.2565279 0.502372861 0.0570061952 6.41083431 5.88981056 0.0112615954 95.8722153 1.62031424 22.6711788 6.46276474 11.7160912 0.333658963 83.5079 30.0843887 80.1111755 89.90321 31.6376972 457.267029 156.246519 54.22837358 0].';
F = [
0 0 0 0.01346264 0.006730614 0.06730614 0.02243538 0 0 0 0 0.01121769 0 0 0.02243538 0 0.8413268 0 0.14583 0.02243537 0.01121769 0 0 0 0 0 0 0.3163389 0 0 0
0 0 0 0.04056976 0.02839884 0.02509029 0.02434186 0 0 0 0 0.004056976 0 0 0.02434594 0 0.1066985 0 0.0008115314 0.004462673 0.0008115314 0 0 0 0 0 0 0 0 0 0
0 0 0 0.08005154 0.03362165 0.05336769 0 0 0 0 0 0 0 0 0 0 0.1318182 0 0 0.02668385 0 0 0 0 0 0 0 0.02668385 0 0 0
0 0 0 0.1031101 0 0.3346876 0.1292073 0 0 0 0 0 0 0.2574037 0.2574037 0 7.979244 0 0.4118319 0.1287019 0 0 1.673124 0 1.081096 0.2574037 0 4.635179 0 0 0
0 0 0 0.5673834 0 0.1335029 0.09679118 0 0 0 0 0 0 0.1335018 0.06675096 0 1.201536 0 0.103223 0.0667509 0 0 0 0 0 0 0 0.4672561 0 0 0
0 0 0 0 0 0 0.07023974 0 0 0 0 0 0 0 0 0 1.236219 0 0 0.5758923 0 0 0.1896473 0 0.266911 0.7023974 0 3.139717 0 0 0
0 0 0 0 0 0 0 0 0 0 0 0 0 0 0 0 0.8759043 0.04314802 0.08629599 0 0 0 0.10787 0 0.668794 0.04746173 0 2.373127 0 0 0
0 0 0 0 0 0 0 0 0 0.04481834 0 0.01893537 0 0.05871206 0.05916021 0 0 0.02240918 0.03092275 0 0.04481077 0 0.1120459 0 0.05615741 0 0 0 0 0 0
0.001561116 0.0007205153 0.01801289 0.006252389 0.001250478 0.001200459 0.007205153 0 0.001250478 0 0.03098216 0.004803436 0 0 0.002400918 0 0.0002400918 0 0 0 0 0.004443178 0.004923521 0 0.0001200859 0.0001200859 0 0.00504268 0 0 0
0 0 0 0 0 0 0 0 0 0 0 0 0 0.2106676 0.1371786 0 0 0.01175817 0 0 0 0 0.4340733 0.0009798496 0.01567759 0.03723428 0 0.1322848 0 0 0
0 0 0 0 0 0 0 0.02931748 0 0.01099405 0 0.01832342 0.007329369 0.01832342 0.01832342 0.0003664684 0 0.003664684 0.003664684 0 0.01099405 0 0.1264316 0.0476409 0.006229963 0.05167205 0 0.001099405 0 0.0003664684 0.01172699
0 0 0 0 0 0 0.00411048 0 0 0.0213745 0 0 0 0.1150934 0.1397563 0 0 0.0411048 0.1438668 0 0.02466288 0 0.1266028 0.0213745 0.09700733 0.00822096 0 0.001644192 0 0.07727702 0
0 0 0 0 0 0 0 0 0 0 0 0 0 0.005701566 0.004071816 8.145095e-05 0 0 0 0 0 0 0.03281888 0.01465856 0.01400707 0.0002443093 0.001628728 0.004153257 0 0 0.004071816
0 0 0 0 0 0 0 0 0 0 0 0 0 0 0 0 0 0 0 0 0 0 3.075883 0 2.628128 1.654747 0.02920142 0.399086 0 0 1.946761
0 0 0 0 0 0 0 0 0 0 0 0 0 0.4194212 0 0 0.2516527 0.05033055 0.05871897 0 0.2432643 0 3.500181 0.5290971 1.828676 0.2034989 0.04194211 0.8556772 0 0.4026444 0
0 0 0 0 0 0 0 0 0 0 0 0 0 6.441454e-05 0.0006435171 0 0 0 0 0 0 0 0.004729851 0.0002252311 0.005115961 6.435171e-05 0.0002734948 0.004166774 0 0 0.0008043964
0 0 0 0 0 0 0 0 0 0 0 0 0 0 0 0 0 0 0 0 0 0 1.095682 0 0.1369603 0.4108809 0 128.4688 0 0 6.848015
0 0 0 0 0 0 0 0 0 0 0 0 0 0 0 0 0 0 0 0 0 0 0.6573847 0.8587666 0.270824 0.002314735 0.02083262 0.4999827 0 0.00462947 0
0 0 0 0 0 0 0 0 0 0 0 0 0 0 0 0 0 0.02991073 0.08973218 0 0.1196429 0 8.614289 0 6.729914 0 0 0 0 14.32724 0
0 0 0 0 0 0 0 0 0 0 0 0 0 0 0 0 0 0 0 0 0 0 0 0 0 0 0 4.61626 0 0 0
0 0 0 0 0 0 0 0 0 0 0 0 0 0 0 0 0 0 0 0 0 0 0.01535538 0 0.01535538 0 0 0 0 15.29396 0.03071077
0 0 0 0 0 0 0 0 0 0 0 0 0 0 0 0 0 0 0 0 0 0 0.05508521 0.01762727 0.01983067 0.1762727 0 0 0 0.1718658 0
0 0 0 0 0 0 0 0 0 0 0 0 0 0 0 0 0 0 0 0 0 0 0 15.65773 41.75395 9.133677 6.524055 13.17859 0.6524055 26.09622 17.48447
0 0 0 0 0 0 0 0 0 0 0 0 0 0 0 0 0 0 0 0 0 0 0 0 5.77574 13.23936 1.323607 0.1804919 0.1804919 33.33083 6.13825
0 0 0 0 0 0 0 0 0 0 0 0 0 0 0 0 0 0 0 0 0 0 0 0 0 10.67288 30.75235 8.321225 21.88844 32.38042 76.88088
0 0 0 0 0 0 0 0 0 0 0 0 0 0 0 0 0 0 0 0 0 0 0 0 0 0 3.050288 4.013536 1.765956 13.48548 138.2262
0 0 0 0 0 0 0 0 0 0 0 0 0 0 0 0 0 0 0 0 0 0 0 0 0 0 0 0 0 0 94.47368
0 0 0 0 0 0 0 0 0 0 0 0 0 0 0 0 0 0 0 0 0 0 0 0 0 0 0 0 717.6837 0 79.74263
0 0 0 0 0 0 0 0 0 0 0 0 0 0 0 0 0 0 0 0 0 0 0 0 0 0 0 0 0 0 0
0 0 0 0 0 0 0 0 0 0 0 0 0 0 0 0 0 0 0 0 0 0 0 0 0 0 0 0 0 0 0
0.4512687 0.08286003 0.1117386 5.507875 0.7342543 1.475029 0.9061057 0.09407411 0.02626758 0.2057694 0.07695837 0.1753863 0.01710186 2.098083 1.735822 0.003378479 28.03845 0.4860943 6.147651 1.938829 3.176889 0.09757951 27.14007 12.93629 39.40953 34.03479 21.0918 168.519 39.06163 135.5709 0
];

