food_web_filename = 'Celestun_mangrove_247';
crc = 'crc_a51fe215';
n = 19;
l = 18;
b0 = [0.59 0.09 0.22 7.01 0.2 6.37 6.73 0.38 4.04 12.31 10.6945744 0.61 8.64 4.05 26.5 9.75 7.25 153.42 2400].';
p = [0 0 0 0 0 0 0 0 0 0 0 0 0 0 0 0 570.285 1371.5748 0].';
q = [0 0 0 0 0 0 0 0 0.260048330761536 0 0 0 0 0 0 0 0 0 565.427007810192].';
r = [1.54597495396035 0.276822920893773 0.942491251954203 19.7901979641459 1.02395312060465 26.7544489198416 17.0180475961492 1.57338547642904 8.70557395700714 40.8354258065671 451.109068150434 15.8730560707729 213.098100609528 31.9093591030359 154.353321905267 67.7057470181187 95.0564148194053 228.601354214949 0].';
F = [
0 0 0 0 0 0 0 0 0 0 0.270534966260857 0 0.773092206764013 0.0772983794556382 0 0.425106001701796 2.16432297997287 0.154583755845675 0
0 0 0 0 0 0 0 0 0 0.0536303425967779 0.630701147563921 0 0.0846210385460415 0 0 0 0 0 0
0 0 0 0 0 0 0 0 0 0.0187745453288997 0.131936437289637 0.0377185565766771 1.28189170487667 0 0 0 0.358120186126626 0.0565413737580183 0
0 0 0 0 0 0 0 0 0 1.03750031790308 12.4987524439825 0.521091311478642 28.1271029814294 0.520799256736855 0.52080124558269 0 8.3326664750528 0.520755452539741 0
0 0 0 0 0 0 0 0 0 0 0.674534582597862 0 1.37106787592317 0 0 0.0652744092953359 0 0.065274305937787 0
0 0 0 0 0 0 0 0 0 1.5990968772607 0.535119493362139 0 17.6620311474246 4.81624210004018 19.2650419698743 0.535093848176518 0 2.14037200356848 6.95590460004417
0 0 0 0 0 0 0 0 0 3.29574599586818 0.945328867997219 0.472945811249805 35.9287726383882 2.36340420253374 0 2.36320915962219 0.47267382948408 1.41792345059043 0
0 0 0 0 0 0 0 0 0 0 0.34202524244945 0 1.26571468293334 0 0 0 0.273625661848963 1.53903739323647 0
0.248712689604463 0 0.248726236769785 2.73580119002374 0 1.24344296629969 3.97974233841282 0.497427503795106 1.74111459136425 2.97279265990181 0.497405609968761 0.497701768300377 6.21865708718698 1.74097972921413 0 0.497381772191675 0 1.74083329617252 0
0 0 0 0 0.615694572646637 0 3.07503344463096 0 3.07499349675594 16.3341703226269 11.2737120324665 5.12746730533076 25.6265612948807 4.09967442121795 4.09969007719344 1.02483452261733 13.3237495613407 8.19865919880019 6.14872531216879
0 0 0 0 0 0 0 0 0 0 7.47712883367538 0 0 0 0 0 209.363835084948 0 530.826667209166
0 0 0 0 0 0 0 0 0 0 0 0.316985002982324 0 0 0 0 4.75204066781149 10.7705416865672 15.8383416992268
0 0 0 0 0 0 0 0 0 0 0 0 0 0 0 17.4567117779955 117.840751637298 0 301.114538663829
0 0 0 0 0 0 0 0 0 3.59716107364061 0 0 7.22375597562613 0 17.4550288457985 0 6.62075092388953 0 25.2763679836045
0 0 0 0 0 0 0 0 0 0 55.8555222986585 0 0 0 0 0 81.2460196182412 58.3915187100825 58.3889634313545
0 0 0 0 0 0 0 0 0 0 0 0 0 0 0 0 6.57211636272098 24.9723067398851 99.8848556942875
0 0 0 0 0 0 0 0 0 0 0 0 0 0 0 0 0 0 0
0 0 0 0 0 0 0 0 0 0 0 0 0 0 0 0 0 0 0
2.07025064643865 0.492129607816432 0.693765315234768 29.5534703305401 0.536503480502588 25.5110101536127 23.1871805765436 1.34959000024677 11.0789890633169 32.2786676209844 205.425861021085 8.83094322989687 97.7506328356167 14.6453076103263 58.188140014622 41.355920287177 23.90791219186 1033.00509841807 0
];

