food_web_filename = 'Celestun_246';
crc = 'crc_cf0797a3';
n = 16;
l = 15;
b0 = [0.74 0.595 0.3512499 1.11555517 0.8265276 1.20866477 1.85754192 1.45494223 0.3 24.9 1.10074 32.7 9 3.5 350 2400].';
p = [0 0 0 0 0 0 0 0 0 0 0 0 0 378 1890 1280].';
q = [0.492018247227193 0.164005988478548 0 0.0820003974178679 0.0820009670779309 0.0160051558960527 0.0820011417355421 0 0.0821482617253054 0 0 0 0 0 0 1481.70710806826].';
r = [2.79730374216241 4.5400157731362 2.20759826396498 7.47425622425093 6.2072952057001 7.18178253724236 8.99062818020508 12.5707508574909 4.05732268277423 149.400667953692 14.8600644696217 981.004155576802 486.000869721804 62.9999966666669 315.000003916667 0].';
F = [
0 0 0 0.443410149003194 0.414404887281641 0.414533537707766 0 0 0 0 1.23491825514311 1.60787881104545 0.0290080519112965 0 0 0
0 0 0 0.294526427432897 0 0.589239817535616 0.294529100849519 0.129591507794053 0 0.188496842748321 2.27374451703547 1.26057233983994 0.860014539037156 0 0 0
0 0 0.32506704793522 0 0.159820584843143 0.15987020053778 0.159820925252318 0 0.320215326736538 2.07765228895122 0 0 0 0 0 0
0 0 0 0.55778030330225 0 0 0.713965240830994 0.078089165986208 0 1.32751693517988 0.647025277330859 6.30291369941999 1.14902405623351 0 0 0.379290987759831
0 0 0 0 0 0 0.407897079318399 0.199607182144923 0 0.755036375683267 0.0347143358360424 3.50614485218399 0.89389119966106 0 1.14556701424382 1.73571801166457
0 0 0 0 0.0425455017601289 0 0.106363980949349 1.1699915845193 0.532774054131573 0.0212725951073957 0 7.39222531379195 1.22317118892335 0 0.148907501851496 0
0 0 0 0 0 0.0813865578409909 0 0.0813606588052933 0 0.461043961276033 0.515284710034786 9.64124084072076 2.77981597461366 0 0 0
0 0 0 0 0 0 0 0 0 0 0 0 0 0 5.36873706675414 12.5271222567521
0 0 0 0 0 0 0 0 0.338110223564519 0 0 1.35000571868367 0 0 2.02500002517857 3.03751752047644
0 0 0 0 0 0 0 0 0 0 0 24.9001054779433 0 12.4499993412699 37.3500004644048 174.301005372525
0 0 0 0 0 0 0 0 0 0 0 3.71501273695755 0 0 2.47666503079451 18.5750971416213
0 0 0 0 0 0 0 0 0 0 0 163.500692596134 81.7501462957972 0 327.000004065873 1062.75613000373
0 0 0 0 0 0 0 0 0 0 0 0 40.500072476817 283.499985000001 243.000003021429 243.001401638115
0 0 0 0 0 0 0 0 0 0 0 0 0 0 0 0
0 0 0 0 0 0 0 0 0 0 0 0 0 0 0 0
0.854831702702854 1.18669333065896 0.669781062356999 2.30363216463593 1.77250890407351 2.19443391427375 2.80492705415026 3.66646836676571 1.42006293897098 94.7694237035037 5.20102334437154 430.826024998014 194.815448631564 19.0500189920625 956.485111892805 0
];

