food_web_filename = 'Central_Gulf_of_California_239';
crc = 'crc_5e725298';
n = 27;
l = 25;
b0 = [0.015 0.013 0.308775365 0.295285434 0.1785297 1.13985538 0.9207015 0.327 0.112 2.20530248 0.337 10.668581 0.174161047 0.5433912 0.686 0.8648831 0.492733747 0.059 0.502017856 0.353266478 0.6201127 0.0187159926 20.175 1.648046 26.1401329 0.647 2].';
p = [0 0 0 0 0 0 0 0 0 0 0 0 0 0 0 0 0 0 0 0 0 0 0 0 2082.72031683408 0.647 0].';
q = [0 0 0.0487226516120791 0.0888526474731512 0.0548805041049772 0.354435785564528 0.00184146875335256 0.277146225587688 0.0398212993675102 0.0950133080804658 0.172157793347396 14.116880603915 0.00600756640458771 0.152035973556635 0 9.62685902750477e-05 0 0 0.93297471510613 0.117238043227388 0 0 0 0 0 0.192996519089026 533.797541016].';
r = [0.304832212622133 0.867300827631526 0.721339909934967 1.40194540680632 1.14157984804338 13.4840966938059 1.72060692715209 0.965795621675925 0.164136085802655 9.38087355188916 1.58834211724162 53.3241283076907 0.448145392738219 0.59288420188111 3.2406922890095 4.0744641133139 1.40077999300772 0.451234453990041 3.34825666058706 0.942495491546808 4.36015769731454 0.0536086792343883 1049.63889633013 32.182061566334 347.120020064917 0 0].';
F = [
0 0 0 0 0 0.056516572673668 0.0503205566705605 0 0 0.0646442396088206 0 0.147734118030134 0 0 0 0 0 0 0 0 0 0 0.100594607793334 0 0 0 0
0 0 0 0 0 0.139863837738062 0.113411214548581 0 0 0.170216341426154 0 0.413808228001627 0 0 0 0 0 0 0 0 0 0 0.141417961127832 0 0 0.111392720394223 0
0 0 0 0 0 0 0 0 0 0.0503437866096297 0 0.534379803161979 0 0 0.052952970798131 0.0590246023975164 0.0878258423577225 0 0.0781169565267332 0 0 0 0.15443006352016 0 0.0190749782008259 0 0.125580218238007
0 0 0 0 0 0 0 0 0.00137562903100729 0 0 1.0919137663747 0 0 0 0.351084039783057 0.006078308232509 0 0 0 0 0 0.534097692615271 0 0 0.0565840124425189 0.0173009915740563
0 0 0.147046240257168 0.146157423621451 0 0.039228489179042 0.00656129563972504 0 0.0010852823827719 0.0416905463490151 0 0.545200013466716 0.00251051304993613 0 0.205352186149979 0.141749915601772 0.0119884779173702 0.0621941852868223 0.0165400519933115 0.0322556162040554 0 0.00803007938470534 0.0377100160980371 0 0 0.074881866944971 0
0 0 0 0 0 1.25124524190028 0 0 0 0 0 10.8565404406133 0 0 0 0 0 0 0.228910428196804 0 0 0 8.87084210111931 0 0 0 0
0 0 0 0 0 0 0 0 0.00189162586152336 0 0 1.06223847831821 0 0 0.106258983962018 0 0 0 0 0 0 0 1.68320334363611 0 0.00294992772175939 0.00250995467336717 0
0 0 0 0 0 0 0.0143533281980065 0 0.00135665010995447 0.338747428287874 0.0129749590252821 0 0.018829500548402 0.00127843823327134 0.244666397808386 0 0.155855624685208 0 0.08408154466872 0.202826435001834 0.0877488913942848 0 0.153714644434495 0.0974987631454239 0.15655808523326 0.0450026883086044 0.00853114257041028
0 0 0 0 0 0 0 0 0 0.0493062148928055 0 0 0 0 0 0 0.0326213772864866 0 0.0413267144027894 0.0112911035388607 0 0.0146871438864149 0 0.129642213353562 0 0 0
0 0 0 0 0 1.03130576489395 0.356300264679927 0 0 0.939456400185542 0 3.52667519235788 0 0.0317353280416942 0 0 0 0 0.182487443655733 0 0.615150335724682 0 4.57888655370436 0 2.53836476057849 0.148949961198303 1.48241142198208
0 0 0 0 0 0 0 0.0222731924475925 0 0.869520887044777 0.0303835550885708 0 0.0450117654538599 0 0 0 0 0 0.0790804874667964 0 0 0 0.823096100219122 0.00332957308366222 0.465284956113783 0 0.191450416870371
0 0 0 0 0 0 0 0 0 0 0 0 0 0 0 0 0 0 0 0 0 0 93.4968270292554 0 16.1043084810229 0 0
0 0 0 0 0 0 0.00514785206823727 0.00136453052067074 0.0011353187111076 0.0327095101755228 0.000775582949501003 0 0.00131312941466559 0 0 0 0 0 0.0484473702780015 0.0996944962366575 0 0 0.138927798961685 0.106580010348447 0.165540984385982 0 0.055584784407441
0 0 0 0 0 0 0 0 0 0.114234852206285 0 0 0 0 0 0 0 0 0.0549892756160795 0 0.339406224130809 0 0 0 0 0 0.472176682615675
0 0 0 0 0 0 0 0 0 0 0 0 0 0 0 0.421507112821192 0.378122462297749 0 0 0 0 0 2.62630879157775 0.0760125362954692 2.18922379350987 0 0
0 0 0 0 0 0 0 0 0 0 0 0 0 0 0 0 0.102112320483663 0 0 0 0 0 3.93016952047655 0 2.45751876820398 0 0.118631590214784
0 0 0 0 0 0 0 0 0 0 0 0 0 0 0.682200056154222 0 0 0 0 0 0.243339417948066 0 0 0.637639560659385 0.586698044661959 0.00332795780542253 0.617361267222423
0 0 0 0 0 0 0 0 0 0 0 0 0 0 0 0 0 0 0 0 0.169360358259905 0 0.0519113319787596 0.127646003773009 0.00724136431698611 0 0.502241089079728
0 0 0 0 0 0 0 0 0 0 0 0 0 0 0 0 0 0 0 0 0 0 0 1.80553363227126 1.79969383025079 0 2.98204291107337
0 0 0 0 0 0 0 0 0 0 0 0 0 0 0 0 0.00681038752637023 0 0.0208800848822467 0.0555263628871786 0 0 0 0.540926654181433 0 0.00272684132145304 1.22400845328323
0 0 0 0 0 0 0 0 0 0 0 0 0 0 0 0 0 0 0 0 0 0 0 1.83330360175435 0 0 5.52936107172452
0 0 0 0 0 0 0 0 0 0 0 0 0 0 0 0 0 0 0 0 0 0 0 0.0188422702163746 0 0.00862747782217343 0.0696221720407122
0 0 0 0 0 0 0 0 0 0 0 0 0 0 0 0 0 0 0 0 0 0 303.621922463469 0 1535.54785516534 0 70.4016921561971
0 0 0 0 0 0 0 0 0 0 0 0 0 0 0 0 0 0 0 0 0 0 0 2.11042263134492 0 0 48.1377347248029
0 0 0 0 0 0 0 0 0 0 0 0 0 0 0 0 0 0 0 0 0 0 0 0 0 0 0
0 0 0 0 0 0 0 0 0 0 0 0 0 0 0 0 0 0 0 0 0 0 0 0 0 0.0964982858372797 0
0.114977882154633 0.222809475605734 0.244620420005607 0.421478962152155 0.323721847378669 4.85084582607437 0.590509406463234 0.357444951422005 0.0680728760946301 3.284966360247 0.724796926136173 23.9816365583481 0.135403500848192 0.202873092856114 1.15905181261991 1.5605061468713 0.58837151065735 0.344971508131111 1.47117864021508 0.389551235439173 1.5475017487065 0.0207660175734049 438.988513434889 10.5787183393864 173.559983629621 0 266.898770182146
];

