food_web_filename = 'Central_Baltic_Sea_608';
crc = 'crc_ecf7af9e';
n = 22;
l = 20;
b0 = [3.1 1.9 1.35 4.39 4 2.035218 4.8 27.3 0.9224485 4.21316147 3.974136 5.61942053 0.00160556228 0.270093769 1.019499 0.490000367 6e-04 3.4 2.8 4.5 3255.81 4651.17].';
p = [0 0 0 0 0 3.052827 0 0 0 0 1.21779849006437 0.0786719157418795 0 0 0 0.143486633947576 0.003057138 652.8 393.12 729 0 0].';
q = [0 0 0 0 0 0 0 0 0.0717126 0.819 0.529965937 1.01 0 0 0.20446299 0.373 0 0 0 0 354.000819618565 59.6209912186319].';
r = [341 76.76 55.89 59.7040024 200 9.565525 90.06402 190.008 6.62236166 13.4821186 9.873467 6.65339661 0.0750859 2.17807078 4.10917139 0.972649753 0.00645270059 108.8 65.52 121.5 0 0].';
F = [
0 0 0 0 0 0 0 0 0 0 0 0 0 0 0 0 0 0.8525 42.625 341 468.0225 0
31.54 0 0 0 0 0 0 0 0 0 0 0 0 0 0 0 0 7.885 45.733 41.002 31.54 0
22.41 0 0 0 0 0 0 0 0 0 0 0 0 0 0 0 0 5.6025 12.3255 32.4945 39.2175 0
35.559 0 0 0 0 0 0 0 0 0 0 0 0 0 0 0 0 5.9265 23.706 23.706 29.6325 0
80 0 0 0 0 0 0 0 0 0 0 0 0 0 0 0 0 20 40 160 100 0
0 6.105654 3.052827 1.526414 1.526414 0 0 0 0 0 0 0 0 0 0 0 0 0 4.579241 4.579241 0 6.105654
0 0 0 0 0 0 0 0 0 0 0 0 0 0 0 0 0 0 0 0 0 149.6
0 0 0 0 0 0 19.69695 9.0909 0 0 0 0 0 0 0 0 0 0 0 0 0 274.2421
0 3.346105 3.041914 2.019831 1.730849 0.005069856 0 0 0 0 0 0 0 0 0 0 0 0 0 0 0 0
0 7.064419 2.761728 6.143843 4.002504 0.02001252 0 0 0 0 0 0 0.02001252 0 0 0 0 0 0 0 0 0
0 4.53633 2.625233 3.998741 1.402516 5.338785 0 0.1541887 0 0 0 0 0 0 0 0 0 0 0 0 0 0
0 1.786976 0.4832703 4.001029 0.5282257 3.79873 0 0.5282257 0.03371654 0 0 0 0 0 0 0 0 0 0 0 0 0
0 0.01199478 0.01199478 0.09595821 0 0 0 0 0 0 0 0 0 0 0 0 0 0 0 0 0 0
0 0 0 0 0 1.101786 0 1.622174 0.02421155 0.1119784 0.1482958 0.01815866 0 0 0 0 0 0 0 0 0 0
0 0 0 0 0 0.8225162 0 1.441862 0.8197815 0.7407144 1.159252 0.2800797 0 0.1741116 0 0 0 0 0 0 0 0
0 0 0 0 0 0.05591865 0 0.2886106 0.1594012 0.2587517 0.4580096 0.2460507 0 0.03419606 0.07057486 0 0 0 0 0 0 0
0 0 0 0 0 0 0 0 0 0.000321804 1.5324e-05 0.00222198 0 8.4282e-05 0.001371498 0.000589974 0 0 0 0 0 0
0 0 0 0 0 0 0 0 0 0 0 0 0 0 0 0 0 0 0 0 0 0
0 0 0 0 0 0 0 0 0 0 0 0 0 0 0 0 0 0 0 0 0 0
0 0 0 0 0 0 0 0 0 0 0 0 0 0 0 0 0 0 0 0 0 0
341.991 29.04426 22.09152 20.52009 95.40475 4.909963 0 0 0 0 0 0 0 0 0 0 0 503.7335 0 4.718248 0 0
0 29.04426 22.09152 20.52009 95.40475 4.909963 39.83906 99.89604 2.408528 4.599635 7.104588 3.028937 0.02484934 0.6399812 1.055406 0.3687604 0.0012093 0 158.6312 0 0 0
];

