food_web_filename = 'Danajon_Bank_711';
crc = 'crc_49d895f9';
n = 37;
l = 36;
b0 = [0.004516248 0.186 0.06954201 0.358 1.418 0.0343204141 0.20541051 0.3405887 2.39590359 1.02658129 0.177733243 1.30199361 0.505539954 0.0281662662 0.106879994 0.401231557 0.13567999 0.648799956 0.59296 0.2128 0.31136 3.527788 2.50081444 0.8249292 9.956865 0.857898653 0.06956868 23.7757664 0.211443558 9.299777 5.725403 11.6821709 14.7900867 2.248734 2.55 52.91046 71.2027055153105].';
p = [0 0 0 0 0 0 0 0 0 0 0 0 0 0 0 0 0 0 0 0 0 0 0 0 0 0 0 0 0 0 0 0 0 0 550.8 952.38828 0].';
q = [0.00427 0.07989 0.01565 0.08788001 1.16336 0.03175 0.20148 0.30294 1.604 0.63205 0.169399992 1.27143 0.48699 0.03026 0.205159992 0.53235 0.15845 1.26242018 0.877979934 0.02079 0.05487 1.37827981 0.11569 0.00174999994 0 0.39643 0.019179998 0.35303 0.02433 0 0 0 0 0 0 0 366.452477894592].';
r = [0.0204315055 0.7561779 1.01073754 2.148859 9.731167 0.141939282 1.05852139 2.15129447 31.4898376 9.532394 1.19369817 10.7732162 2.63689661 0.153391838 0.634439647 2.64100146 0.8509849 4.76348925 7.419367 2.0622263 2.9736042 44.27374 37.4171829 5.95598841 182.907623 8.297595 0.292188466 158.941 0.451220572 25.3186417 77.86548 43.69132 45.8492737 149.315948 91.8 158.73138 0].';
F = [
0.0001739885 0.0001739885 0.0005219654 0.0008699423 0.003305781 0 0 0.0005219654 0 0 0.0005219654 0.0005219654 0.0008699423 0.0005219654 0.001913873 0.0005219654 0.0005219654 0.0005219654 0.002609827 0.0008699423 0.0005219654 0.002957804 0.001739885 0.002435838 0.001217919 0.005219654 0.001739885 0.003827746 0 0.0001739885 0 0 0 0 0 0 0
0 0 0 0 0.0002601053 0 0 0 0 0 0 0 0 0 0 0 0 0.0005937193 0 0 0 0.02312693 0.2274985 0.02260673 0 0 0 0.09374518 0 0 0.6729822 0.04274644 0 0 0 0 0
0 0 0 0 0 0 0 0 0 0 0 0 0 0 0 0 0 0 0 0 0 0 0 0 0.004933509 0 0 0 0 0 0.02977464 0 0 0.01155969 0.0421142 0.788351 0.6190461
0 0 0.04393528 0.3849046 1.905216 0 0 0.004856926 0.08281051 0.0229332 0 0.02429477 0.001890777 0.002125233 0.001890777 0.02079855 0.02079855 0.01964888 0.2048165 0 0 0.06974063 0.2092692 0.03673401 0.4181536 0.06430279 0.001890777 0.02960451 9.605147e-05 0.003781554 0.2047931 0 0 0 0 0 0.003781554
0 0 0 0.002379211 0.2714281 0 0 0 0.1364064 0 0 0 0 0 0 0 0 0 0 0 0 2.49068 1.966641 0.008735452 3.446076 0.1548167 0.004130093 1.764811 0 0.01953535 6.39351 0.02468342 0.007953082 1.121559 0.1383741 0.7658383 0.4920895
0 0 0 0 0 0.001203726 0.001255937 0.01547632 0.02361319 0.02892393 0.001293945 0.1607278 0.001255937 0 0 0 0 0.003351025 0 0 5.221091e-05 0 6.2653e-05 0 0 0.003528567 0 0 0 0 0 0 0 0 0 0 0
0 0 0 0 0 0 0 0 0.9865365 0.700968 0 0 0 0 0 0 0 0 0 0 0 0 0.029944 0 0 0 0 0 0 0 0 0 0 0.00265902 0 0 0
0 0.002707083 0.001154943 0.02354508 0.2933223 0.002506122 0.003681083 0.2317049 1.18864 0.682126 0.05521624 0.4042315 0.05521624 0 0 0.05521624 0.05521624 0.1754679 0.2343424 0.06251222 0.02109197 0.01908148 0.02008984 0.0001535011 0.004173461 0.08689004 0.002553633 0 0 0 0.000241479 0 0 0 0 0 0
0 0 0 0 0 0 0 0 0.5943657 0 0 0 0 0 0 0 0 0 0 0 0 0 1.132027 0 12.27648 0 0 0.567029 0 0 0.2374963 0 0 23.20342 18.6335 0 0.1122393
0 0 0 0 0 0 0 0 0 0 0 0 0 0 0 0 0 0 0 0 0 0 0.01108963 0 0.002053357 0 0 0 0 0 0 0 0 6.221186 10.0219 0.0005627746 0.008839997
0 0 0 0 0 0 0 0 0.0007182836 0 0 0 0 0 0 0 0 0 0 0 0 0 0.003855138 0 0.005717582 0 0 0.004108174 0 0 0.00492932 0 0 0.6272715 0.5554944 0.7254747 0
0 0 0 0 0 0 0 0 3.649776 0.003315771 0 0 0 0 0 0 0 0 0 0 0 0.002269789 0.1905766 0 1.755025 0.009060934 0 4.201772 0 0 0.009058715 0 0 5.456098 2.900235 0 0.009058715
0 0 0.06885789 0.02427303 0.1509566 0 0 0 0.6187068 0 0 0.08927333 0.04721048 0 0 0 0.02267347 0.3206736 0.4896397 0.09371783 0.08957539 0.4979565 1.12942 0.005472477 0.05789484 0.7938756 0.01790956 0.005886408 0 0 0 0 0 0 0 0 0.0107197
0 0 0 0 0 0 0 0 0 0 0 0 0 0.002565222 0.004725509 0.02924353 0.002673321 0.0473451 0.07463439 0.002108982 0 0.04984637 0.02754949 0 0.001775409 0.0125226 0.001181377 0 0 0 0.0003512584 0 0 0 0 0 0
0 0 0 0.00889366 0.02539379 0 0 0 0.01117309 0 0 0 0.001081626 0.0008057288 0.002163251 0.09193817 0.0594894 0.2201328 0.2103965 0.04894051 0.01890399 0.1505283 0.108201 0.02115804 0.05737376 0.004522191 0.01679037 0.009302394 0.0001236211 0.01428895 2.444474e-05 0 0 0 0 0 0
0 0 0 0.0008889523 0.003680729 0 0 0 0.0446871 0 0 0 0 0 0 0.001777905 0 0.05434757 0.06678521 0.06673165 0 1.545752 0.108519 0.1777905 0.4150646 0.4876428 0 0.672748 0 0.5805081 0.1984865 0.01748147 0 0 0 0.001869951 0
0 0 0 0 0.04813277 0 0 0 0.1956516 0 0 0 0 0 0 0 0 0.1879483 0.07761899 0.08854401 0.02508862 0.3624904 0.1478071 0.08245951 0.1490195 0.006115276 0.002998528 0.06370471 0.002998528 0.01877282 0.03129971 0.008613467 0 0 0 0 0
0 0 0 0 0 0 0 0 0.1214333 0 0 0 0 0 0 0 0 0.04122143 0.1733204 0.2226952 0.7296864 1.16131 1.049541 0.1061692 2.114091 0.01824425 0.003246738 1.185377 4.907705e-05 0.6050472 1.154738 0.04671504 0.04842764 0.1799851 0 0.1055549 0.05527437
0 0 0 0 0 0 0 0 0 0 0 0 0 0 0 0 0 0 0 0 0 0 0 0 0.01111447 0 0 0 0 0 0.01111447 0.02324898 0.0003931075 0.02731758 0 12.61933 0.04457446
0 0 0 0 0 0 0 0 0 0 0 0 0 0 0 0 0 0.02479038 0 0 0 0 0.05780872 0.1587338 0.3004856 0 0 0.01984173 0 0.00494865 0.09751834 0 0.1069717 0.6144372 0 2.021635 0
0 0 0 0 0 0 0 0 0 0 0 0 0 0 0 0 0 0 0 0 0 0 0.01986128 0 0.005826238 0 0 0 0 0 0.01117197 0 0 3.93976 1.030386 0.1947972 0
0 0 0 0 0.1940283 0 0 0 0 0 0 0 0 0 0 0 0 0 0.07761134 0 0 7.310988 0.1552227 0 2.646547 0 0 19.32522 0.07761134 0.232834 2.956992 0 0.07761134 0 0 2.568935 41.98773
0 0 0 0 0 0 0 0 0 0 0 0 0 0 0 0 0 0 0 0 0 0 1.297423 0 19.46134 0 0 0 0 0 0.6487113 0 0 13.62294 23.35361 3.243556 3.243556
0 0 0 0 0 0 0 0 0 0 0 0 0 0 0 0 0 0 0 0 0 0 0 0 0 0 0 6.514878 0 0.2505722 0.2505722 0 0 0 0 1.80412 1.202747
0 0 0 0 0 0 0 0 0 0 0 0 0 0 0 0 0 0 0 0 0 0 0 0 16.62796 0 0 3.325593 0 3.325593 3.325593 13.30237 19.95356 9.976779 3.325593 202.8612 56.53508
0 0 0 0 0.07137717 0 0 0 2.569578 0.7137717 0 0.428263 0 0 0 0 0 0.07137717 0 0 0.1427543 0.7137717 3.568858 0.7137717 2.069938 0.1427543 0 0.07137717 0 0 0 0 0 2.855087 0 0 0.1427543
0 0 0 0 0 0 0 0 0 0 0 0 0 0 0 0 0 0.002539257 0 0 0 0.1015703 0.005078514 0.002539257 0.1904443 0 0.002539257 0.2031405 0 0 0 0 0 0 0 0 0
0 0 0 0 0 0 0 0 0 0 0 0 0 0 0 0 0 0 0 0 0 0 0 0 3.03141 0 0 7.578526 0 0 12.12564 0 0 0.7578526 90.94231 83.36378 105.3415
0 0 0 0 0 0 0 0 0 0 0 0 0 0 0 0 0 0 0 0 0 0 0 0 0 0 0 0 0 0 0 0 0 0 0 0.1640802 0.6563208
0 0 0 0 0 0 0 0 0 0 0 0 0 0 0 0 0 0 0 0 0 0.1534463 0 0 1.45774 0 0 5.063729 0.03836156 2.999876 0.4910284 1.104814 1.841356 0.3068928 0.3836156 18.53632 13.65672
0 0 0 0 0 0 0 0 0 0 0 0 0 0 0 0 0 0 0 0 0 0 0 0 0 0 0 7.443024 0 0 0 0.1488605 0.1488605 0.7443024 2.232907 37.21512 100.9274
0 0 0 0 0 0 0 0 0 0 0 0 0 0 0 0 0 0 0 0 0 0 0 0 0 0 0 0 0 0 0 0 0 12.79198 4.263992 29.84795 38.37593
0 0 0 0 0 0 0 0 0 0 0 0 0 0 0 0 0 0 0 0 0 0 0 0 0 0 0 0 0 0 0 0 0 0 20.70612 0 82.82449
0 0 0 0 0 0 0 0 0 0 0 0 0 0 0 0 0 0 0 0 0 0 0 0 0 0 0 0 0 0 0 0 0 2.990816 209.3571 0 86.73367
0 0 0 0 0 0 0 0 0 0 0 0 0 0 0 0 0 0 0 0 0 0 0 0 0 0 0 0 0 0 0 0 0 0 0 0 0
0 0 0 0 0 0 0 0 0 0 0 0 0 0 0 0 0 0 0 0 0 0 0 0 0 0 0 0 0 0 0 0 0 0 0 0 0
0.009922197 0.2446109 0.3549216 1.09906 5.348018 0.06334614 0.4551691 0.974288 13.43862 3.949148 0.5074388 5.034288 1.303282 0.06685222 0.2313325 1.071914 0.3284561 1.926259 2.827973 0.7380343 1.145654 17.3038 15.87017 2.726391 83.13982 3.791912 0.1415027 85.69975 0.2256103 12.65932 42.13897 26.86899 35.49621 64.31379 71.11273 396.8284 0
];

