food_web_filename = 'Denmark_Faroe_Islands_46';
crc = 'crc_5d4fa184';
n = 20;
l = 19;
b0 = [0.059366 0.0853519142 0.017 0.57 0.723 0.611 2.133 0.114514261 2.60217738 0.908431649 3.11096 3.85068846 1.14249647 13.6712914 8.736814 9.982892 16.193 11.69838 54.36 58.8819945727197].';
p = [0 0 0 0 0 0 0 0 0 0 0 0 0 0 0 0 0 0 3261.6 0].';
q = [0 0.00500428644486531 0 0.185250790370053 0.0809014751022765 0.114380213837599 0.0372666706592796 0.0210015997434875 0.0292162213364053 0.0985470766004049 0.0960649993547246 0.569758980301718 0.0588270103954878 0.0209250002932134 0.0150393449894414 0 0 0 0 1360.68045068736].';
r = [0.233442326549159 0.777393788548241 0.414744807358059 0.968207859271725 1.67211566108488 1.30920996019613 6.64579170395362 0.221111148157038 4.44728646321792 1.81704767221479 10.5274877292861 26.541255082389 3.70594461462814 41.2189450775841 32.8654219115771 21.7774318182057 358.561062221811 842.283537797173 543.599928000009 0].';
F = [
0 0 0 0 0 0 0 0 0.0275758797227559 0.0134300481975296 0.0286031098078709 0.00286031090111045 0.00143003377509269 0.00715077710020089 0 0.0141811276210598 0.200221715200752 0 0 0
0.00103301615658653 0.000979658109091132 0 0.00585770542950767 0.00450735218836258 0.00204827940356497 0.00604011023303155 0 0.309231638397909 0.0394435046931422 0.0756055294921523 0.00840061470956548 0.00419995196729868 0.0556540707798576 0.0489811403239583 0.417535201679397 0 0 0 0
0 0 0 0 0 0 0 0 0 0 0.00297499998001672 0.00594999979429061 0.00594949565732493 0.238595003343334 0.177714810124848 0.0235995984617908 0.0458150034782565 0 0 0.0180173142916157
0 0 0 0 0.00758467591923478 0.0224036076303409 0.0880871238869458 0.00724688153160881 0.13473467796083 0 0.00883499994065468 0.0883499969454748 0 0.480624006734786 0.293795387072896 0.148930323149944 0.362235027500736 0 0 0
0 0 0 0 0 0 0.00790161173328311 0 0.0168555729862751 0 0 0 0 0.274740003849819 1.17198258390469 0.0354154612849165 0.851694064660268 0 0 0
0 0 0 0 0.0173095419637792 0 0.0193298145371609 0 0.00530150970284848 0 0.00201629998645637 0.183483293656431 0.100806354578764 0.302445004238037 0.121356009281284 0.519823794050937 0.693607352658389 0 0 0.00101759974247016
0 0 0 0 0 0 0 0 0.042062681940526 0 0 0 0 0.479925006724991 1.17708272021202 0.380707135857982 7.122087540706 0 0 0
0 0 0 0.0074526856062632 0 0 0.0153695177632179 0 0.010538348443046 0 0.0160319998923119 0.0160319994457256 0 0.0240479903369746 0.0271385257230719 0.0993562926836739 0.0521039939557141 0 0 0.0606835257821812
0 0 0 0.0362896975967516 0.0335087767806341 0.0380685385663881 0.149678894091933 0 0.184733461973622 0 0 0.23419599190314 0.0780587029122153 0.28884170404742 1.29797603826613 3.71558325134969 0.312261323706753 0 0 0.472782351530125
0 0 0 0 0.0120879975417332 0.035705524122818 0.140387966918128 0.0115496412862102 0.214731996169331 0.132226468707568 0.014080689905419 0.140806895131882 0 0.765989610733497 0.362298215091327 0.237356134584716 0.577308343829016 0 0 0
0 0 0 0 0 0 0 0 0 0 0 0 0 0 0 0 11.4483308691526 1.43104215426466 1.43104181045804 0
0 0 0 0 0 0 0 0 0 0 0 0 0 0 0 0 31.3985123837623 3.48872437608038 0 0
0 0 0 0 0 0 0 0 0 0 0.105566699290901 0.0502698382620205 0.0502655789536839 1.10593701549704 0 0.0498465562495156 3.06646123280449 0.598211264486469 0 0
0 0 0 0 0 0 0 0 0 0 0 0 0 0 0 0 36.9124928023815 12.3041613263741 12.3041583703101 0
0 0 0 0 0 0 0 0 0 0 0 0 0 0 13.1461712323174 0 0 17.4736318836369 17.4736276856122 17.6374164440003
0 0 0 0 0 0 0 0 0 0 0.524101796479571 0 0 3.52895204944975 0.893756944712042 0 26.20509198948 3.49401237665042 0 0
0 0 0 0 0 0 0 0 0 0 0 0 0 0 0 0 32.3860024587322 323.86003491173 291.473961394177 0
0 0 0 0 0 0 0 0 0 0 0 0 0 0 0 0 0 81.888668827502 1555.88479392254 0
0 0 0 0 0 0 0 0 0 0 0 0 0 0 0 0 0 0 0 0
0.0609776596209758 0.196140040459498 0.103871417773791 0.439767969999342 0.530573817838255 0.444680450639325 2.09201167166465 0.0678456089135649 1.41971028087244 0.543834713608242 2.90904598045973 7.04587375640295 1.02107644267578 12.7280401783528 14.1321323819684 7.22614846159175 137.52471044082 350.951437832151 839.432488816889 680.340348578181
];

