food_web_filename = 'Eastern_Bering_Sea_183';
crc = 'crc_d1e67c3e';
n = 24;
l = 23;
b0 = [0.394 0.009 0.208 0.001 0.074 0.066 0.019 0.006 27.451 6 3.904 1.9 9.161 13.644 0.407 0.048 3.5 5.8 46.5 5.858 44 55 32 139.736294122528].';
p = [0 0 0 0 0 0 0 0 0 0 0 0 0 0 0 0 0 0 0 0 0 0 2304 0].';
q = [0 0 0 0 0.004 0.001 0.001 0 1.895 0 0.128 0.05 0.211 0.212 0.007 0 0 0.108 0 0 0 0 0 151.238452512779].';
r = [3.58004141 0.09419759 0.7534592 0.008392001 0.661500752 0.8369328 0.191930383 0.2832 44.2510147 24.9984016 5.26181173 2.95488 18.0874786 28.95257 0.647944 0.0348 18.6675987 27.097599 382.5555 17.8294067 550.396 638 384 0].';
F = [
0 0 0 0 0 0 0 0 0.2870337 0.2915186 0 0 0 0.5785524 0 0 0.641341 0.2197602 0 0.2421847 1.13468 1.089831 0 0
0.000235944 0.000117972 0 0 0.000117972 0.000235944 0 0 0.009555732 0.009555732 0.006252516 0.006252516 0.006252516 0.01911146 0.006252516 0 0.02902111 0.01946538 0 0 0.005426712 0 0 0.000117972
0 0 0 0 0 0 0 0 0.01136429 0.01231131 0.0473512 0 0 0.0236756 0.0473512 0 0.8040234 0 0 0 0 0 0 0.000947024
0 0 0 0 0 0 0 0 0.000431115 0.00044163 0 0 0 0.00088326 0.003501495 0 0.003501495 0.001756005 0 0 0 0 0 0
0 0 0 0 0 0 0 0 0.01664852 0.01664852 0.01664852 0.01664852 0.01664852 0.03329704 0.01664852 0 0 0.2081065 0.2821924 0.2081065 0 0 0 0.000832426
0 0 0 0 0 0 0 0 0.03889129 0.1208783 0.04835134 0.04835134 0.04835134 0.1618719 0.04835134 0 0.007357812 0.2838013 0 0 0.2438589 0 0 0.001051116
0 0 0 0 0 0 0 0 0.01520429 0.04464753 0.007481478 0.000724014 0.000724014 0.1530083 0 0 0.01930704 0 0 0 0 0 0 0.000241338
0 0 0 0 0 0 0 0 0 0.21564 0.03816 0 0 0.01836 0 0 0.01908 0 0.00036 0 0.06768 0 0 0.00072
0 0 0 0 0 0 0 0 0 9.421183 0.5072945 0.07247064 0 1.014589 0 0 0 2.24659 1.15953 0.07247064 31.95955 25.87202 0 0.1449413
0 0 0 0 0 0 0 0 0 0 0 0 0 0 0 0 0 0 0 0 16.49934 33.49866 0 0
0 0 0 0 0 0 0 0 1.99008 0.4171346 0.3041606 0 1.112359 0.2607091 0 0 0.1216643 2.120434 1.164501 0.6257019 0.5561795 0 0 0.01738061
0 0 0 0 0 0 0 0 1.04481 2.428603 0.0278616 0 0.0603668 0.2832596 0.0092872 0 0.0185744 0.2228928 0.0092872 0.0417924 0.487578 0 0 0.0092872
0 0 0 0 0 0 0 0 0 0.4350376 0.0543797 0.02718985 0.2990883 0.2175188 0 0 0 1.495442 16.93928 2.283947 5.38359 0 0 0.0543797
0 0 0 0 0 0 0 0 0 0 0 0 0 0 0 0 0 0 0.249003 0 45.06954 4.482054 0 0
0 0 0 0 0 0 0 0 0.1986323 0.08816841 0.00304029 0.01824174 0.101343 0.101343 0.00202686 0 0.1246519 0.2391695 0.00202686 0.0202686 0.1124907 0 0 0.00202686
0 0 0 0 0 0 0 0 0 0.00096 0 0 0 0 0 0.000768 0 0.012288 0 0 0.013344 0.06864 0 0
0 0 0 0 0 0 0 0 0 0 0 0 0 7.4669 0 0 7.4669 0 0 0 22.4007 0 0 0
0 0 0 0 0 0 0 0 0 0 0 0 0 0 0 0 0 0 14.13883 1.650274 15.07548 0 0 13.73742
0 0 0 0 0 0 0 0 0 0 0 0 0 0 0 0 0 0 0 0 0 0 0 558
0 0 0 0 0 0 0 0 0 0 0 0 0 0 0 0 0 0.1353667 10.42323 0.2707333 1.489033 0 0 21.5233
0 0 0 0 0 0 0 0 0 0 0 0 0 0 0 0 0 0 0 0 2.904 206.184 654.368 104.544
0 0 0 0 0 0 0 0 0 0 0 0 0 0 0 0 0 0 0 0 0 0 1210 0
0 0 0 0 0 0 0 0 0 0 0 0 0 0 0 0 0 0 0 0 0 0 0 0
0.9046245 0.02365643 0.1935648 0.002123 0.1668072 0.2129473 0.0484076 0.0768 22.71198 11.49687 2.239511 1.448841 7.246236 10.30295 0.2250669 0.060432 9.411477 10.19133 131.0763 10.59678 274.2015 300.8048 55.63213 0
];

