food_web_filename = 'Eastern_Scotian_Shelf_41';
crc = 'crc_4173456d';
n = 39;
l = 38;
b0 = [0.2612 0.142 0.012 0.073 0.095 0.329164833 2.23 0.495 0.604 0.011 0.101 0.668 0.098 0.104617506 1.4 0.442 0.214 0.048 0.078 0.047 0.12 0.78 2.9 11.2 0.0460091755 8.5 0.422714621 0.5263084 0.308 3.78 13.57145 63.7 11.9 57.4 4.9 34.57644 44 43.56276 187].';
p = [0.306206345484 0 0.03726096 0 0 0 0 0 0 0 0 0 0 0 0 0 0 0 0 0 0 0 0 0 0.037267432155 0 0 0.8041739723968 0 0 0 0 0 0 0 0 0 2728.64739391056 0].';
q = [0 0 0 0.00254911970410017 0 0.0577156713765752 0.145468510710733 0.00113813703263075 0.00483794354119215 0.0030665357587444 0.000196309552111391 0.00541337343990466 0.00972356334096751 0.000406600038197275 0.0240258120416496 0.0123978805487164 0.00460774665425302 0.00652505386284266 0 0.0018496354154498 0 0 0 0 0.00979718266749857 0.0253923633150449 0 0.00823593469842769 0.0315674721933444 0.000515640303401056 0.0321209753873323 0.00208505102836527 0 0.0756907564876115 0 0 0 0 228.34943658847].';
r = [2.07362272150563 1.27708005888137 0.509438206335156 0.0736010756355488 0.235491151372105 1.09894948955223 7.58970349370699 1.21378150614096 0.423086568370665 0.0226178101101645 0.171851899557441 1.15143655935122 0.121228644533553 0.137504881253916 1.71963883254662 0.892983113851712 0.309723300955788 0.0930019881101417 0.248858364328495 0.0516091377415674 0.28996532422579 2.07430398180275 11.9416719161116 28.6887670483999 0.0611200415272583 26.6947345006495 1.08735605190456 1.50335137654044 0.223705066104115 3.0775584424042 93.2861019438089 269.830320224675 214.339316139235 299.527057119948 32.7040625590154 425.498384507799 616.000004956873 454.774548758227 0].';
F = [
0 0 0 0 0.0145018406571903 0 0.0167599436604026 0 0 0 0 0 0 0 0.00997442528347788 0 0.0261539244515905 0.00502055811631135 0.004982335317008 0.00243949247279611 0.00490550267485399 0 0 0.487245618750374 0 0.091742501103928 0 0.0131162888948694 0 0 0 0 0 0 0 1.52618473911803 0.0956013302363065 0 0
0 0 0 0.00154014959029526 0.0231458913613003 0.00835256774977977 0.0435192293678411 0.0068591919482625 0.0470617122144635 0 0.000791701087638493 0.0814691738694912 0.00557680034336058 0 0.0802375573332238 0.00546476962717824 0.001594227176064 0.000292632115320328 0.00265795911537435 0.00142261563599115 0.0128004272439648 0.046682266875592 0.351949763321474 0.747649197650673 0 0.013609280091447 0 0.0698277107007813 0 0.0483385555011942 0.000758179663509091 0 0.00144095978844781 0.00153009289468676 0.00144095968438597 0 0 0 0
0 0 0.00061930215190923 0 0.00301472530407966 0 0 0.00292590047593526 0 0 0 0 0 0 0 0 0 0 0 0 0 0.00500664282238255 0 0.17736676304633 0 0.0594881767073742 0.00543861056210559 0.00651764616422335 0 0.00899347250436118 0.00931000718633222 0.00884707708176508 0.0088470769451806 0.00939432847543207 0.00884707630627091 0.279426341661757 0 0 0.00913252308380128
0 0 0 0 0.0108694611526859 0 0.000990934049549082 0.000538201962396029 0.0143603333222261 0 0.000188059995977065 0.0011972714245548 0 0 0.000512177249584809 0.00281124305240381 0 5.57846448919488e-05 0.000162854975165148 6.0952931721618e-05 0.000409855142307177 0.000603288057421595 0.000548101288844286 0.030469075525181 0 0.0195155125102852 0 0.000668850033328559 0.000182097285649655 0.00235811628456049 0.0367522675199501 0.0032439754283606 0.00161261296881541 0.000196794076961261 0.0015697958927392 0.00391217532063003 0.00160841317221738 0 0
0 0 0 0 0.000903017991992262 0 0.000902827468184725 0 9.36067357945914e-05 0 0 0 0 0 0.00219242148875816 0.00415712512585743 0 0 9.46056348233327e-05 0 0.000308134648506916 0.0025496872271665 0.00637647705943282 0.0710889771397181 0 0.0207411902521877 0 0.000248608700279277 0.00214934810671624 0.0120363383052997 0.133204748459681 4.22705607543108e-05 0.0142422153655406 0.000179092267457111 0.026209854448742 0.154720981181686 0.000426075045621068 0 0
0 0 0 0 0.0173455059516376 0.0212390787285045 0.0941051342550132 0.0920884716737419 0 0 0 0 0 0 0.00160572227021397 0.0114232431189341 0 0 0 0 0 0.00194256664687004 0.589591860591513 0.244649108736983 0 0.12210099274063 0.0706324649574469 0.0167858816888705 0 0 0.0786157033071457 0 0 0 0.000287295890058399 0.379081698241784 0.00169943518196336 0 0
0 0 0 0 0 0 0.148697013730045 0.00530901322254766 0 0 0 0 0 0 0 0.0623946252984816 0 0 0 0 0 0.0291969941819295 0.205754519652973 1.13748057798647 0 0.0424347163483821 0.268722057145306 0.0312814032643041 0 0.00107878736212335 6.93098634193696 0 0 0 0.0387106019269121 3.41376479792732 0.0129340013848803 0 0
0 0 0 0 0.0016970808067424 0 0.00131925383784725 0.000916061514068649 0.00018492525504943 0 0 0.00018448329450966 0 0 0.049707579651342 0 0 0 0 0 0.000184016469323991 0.00228249610039417 0 0.102054862598821 0 0.0166298957926433 0.000195891843994678 0.00449326526561558 0.000719051998191797 0.0141341349396363 0.0544545491034066 0.041713942010298 0.777251214234882 0.0171945585917587 0.191495768365967 0.48212326824063 0.0731867478363133 0 0
0 0 0 0 0 0 0.00412042297050561 0 0.000477918587631503 0 0 0.000678021948626484 0 0 0.000265714823198898 0 0 0 0 0 0.00093093188330121 0.000457138390518655 0.046408310392285 0.0763054328590804 0 0.000274967322030377 0 0.000839581848396897 0 0.00836185293650778 0.127054003085221 0.0268708793257209 0.134328542769739 0.00914344338370347 0.0753938990386864 0.165027470055052 0 0 0
0 0 0 0 0.00109244345121519 0 0.00218442687592513 0.0031807691460717 0.00449471106022919 0 0 0.00106761134746408 0.000978285336133926 0 0 0 0 0 0.00216317896072519 0 0.00106490981361069 0 0 0.00890758269714962 0 0.00313697178173462 0 0.00113153546322584 0 0.00207311555644594 0.00321912107562551 0.000101968428296409 0 0 0 0 0 0 0
0 0 0 0 0 0 0.000779431356622264 0.000136470217792644 0.00216399066475875 0 0 0.00634938949915328 0 0 0.00677368124333986 0 0 0 0 0 0.00298945256366841 0.00571336553998891 0.0636465753743513 0.077187555696415 0 0.00399781396393133 0 0.00131080430849495 0 0.000764337692575886 0.0506715691213535 0.00163998295932332 0.000291168072092682 0.0017414269675291 0 0.0395807403704969 0 0 0
0 0 0 0 0 0 0 0 0 0 0 0 0 0 0.0115881741099799 0 0 0 0 0 0 0.00034681341915156 0.00256571730823619 0.09096117043196 0 0 0 0 0 0.00163159447581429 0.0477992702974685 0.00208654607135616 0.670102285647938 0.0126119510382998 0.14541623366887 0.695365259824198 0 0 0
0 0 0 0 5.46288368650029e-05 0 0.00055126608032391 0 0 0 0 0.000170975949456596 0.000174078345732445 0 0.000425104278806352 0 0.000180669943225511 0 0 0 0.000288177133032621 2.30278264714539e-05 0.000667109545506453 0.0177740104157727 0 0.000801632118844023 0 0.000194676955810192 0.000413826953895711 0.00878964532021941 0.0147236651404542 5.72207770856337e-05 0.0231004695367186 5.91933844144115e-06 0.0176464625251258 0.0857988744680784 0.00293604931437115 0 0
0 0 0 9.83143155847656e-05 0.00108460455143146 0.000218597264352726 0.0392563090244787 0.00311980293902378 0.0273941361482309 0 0 0.00119485637051759 0 0 0.002658037341991 0 0.000264716029848087 3.9405741939999e-05 0.000175778355024127 2.10919660293528e-05 8.26446588518162e-05 1.99156875247521e-05 0 0.0077786650600107 0 0.0534337260230402 0.000204730127828729 0.00823190857063806 0 0.000355469217535864 0.0179179790837762 0 0.000147283891001674 0.000644953848881453 0.0329126388360924 0.000324316375834179 0.000268867028788358 0 0
0 0 0 0 0 0 0 0 0 0 0 0 0 0 0.00584677225553435 0 0 0 0 0 0 0.00761851168040852 0 0.00998556288577652 0 0 0.0847954452782621 0.011281452996983 0 0 1.48990475390122 0 0.00119603437424662 0 0.291859775360002 0.730789945200236 0.0123200013191376 0 0
0 0 0 0 0.00161748003055128 0 0.0367429570755145 0.0757224590298159 0 0 0 7.41287419756996e-05 0 0 0.105092140838387 0.00158040462710181 0 0 0 0 0 0 0 0.0652040736923003 0 0.199873489663862 0.00294284953433864 0.0316870279858124 0 0.00616201108612808 0.185136031063886 0 0.000146089547449831 0 0.012028749988628 0.52697803037721 0.0283575230363207 0 0
