food_web_filename = 'Eastern_Scotian_Shelf_40';
crc = 'crc_622dc352';
n = 39;
l = 38;
b0 = [0.2295 0.025 0.012 1.218 0.756 0.7985 2.13185525 0.84 1.077 0.054 0.016 0.652 0.274 0.241 3.4 0.976 0.592 0.199 0.11255876 0.10381934 0.223431081 0.259970576 0.028 1.10393965 0.046009 1.21539438 0.6303431 0.6556296 0.15 1.68685377 2.766723 63.7 11.9 57.4 4.9 16.1306171 34 34.384 187].';
p = [0.2800818 0 0.10906368 0 0 1.83049159772335 1.61655863786572 0 0 0 0 0 0 0 0 0 0 0 0 0 0 0 0 0 0.038419886119824 0 0 1.0017705585792 0 0 0 0 0 0 0 0 0 3331.0256448 0].';
q = [0 0.000201015267527474 0 0.505687580735551 0.215077494023057 0.410503410567326 0.115015996241989 0.124203487066295 0.0414487197023655 0.00843312803042488 0.000358888777813208 0.0254387858677594 0.0239668961711373 0.00301994560847075 0.0627928713485028 0.12480872245 0.00358099604131731 0.0143999319062171 0 0.0066550024514254 0 0 0 0 0.00382590899894791 0.00387799377340871 0 0.0240262168271675 0.000999993642013365 0 0.00270298958207351 0 0 0.00145099545910221 0.000999993699355184 0 0 0 1131.53712871458].';
r = [1.85802092000138 0.234082288081431 0.524998125167915 1.27755469220721 2.46907871146116 3.8190285163423 11.0886303376922 2.30993444333997 0.752144059423335 0.0536490485339795 0.0278313763583645 1.17994809717268 0.347166825634213 0.329509399057762 4.6171905401925 2.00079555062504 0.870239089010384 0.41729334033126 0.380115156117099 0.154736836347736 0.677512194827122 0.719075227981144 0.0849332715284234 5.50128746802147 0.062540691000935 3.84307100948146 1.63889018063586 1.89639387952413 0.119999242041572 1.51815828177147 20.3076686297024 303.210080034921 240.854475382848 316.974533026561 36.749768451303 202.600284121438 475.999906718275 555.170900116546 0].';
F = [
0 0 0 0 0.0303419775448624 0 0.0186721193899107 0 0 0 0 0 0 0 0.0116700560901173 0 0.0910264847110347 0.00466347418719737 0.00466393895387729 0.00466733077128695 0.00466645454257269 0 0 0.175050751190274 0 0.0933604500984272 0 0.0116699903980373 0 0 0 0 0 0 0 1.41207711203909 0.191389174957878 0 0
0 0 0 0.0053094706225472 0.0489696571134751 0.00796498856325091 0.0412999986505717 0.0271392297801934 0.0101558664495263 0 0.000147454302861973 0.00586995261539081 0.0106055660461356 0 0.0153399685711151 0.000884998031938805 0.00471999505898259 5.59952974150579e-05 0.00058948292594255 0.000280208021082377 0.00265410393903434 0.0088499577607172 2.94999762176842e-05 0.0327449347517697 0 0.0171099725278553 0 0.0097349252554304 0 0.00973493556741846 0.000147499431504197 0 0.00622593589980301 0.00622595551584004 0.0216968232951614 0 0 0 0
0 0 0.000638217677083486 0 0.00316137786396856 0 0 0.00316131028102813 0 0 0 0 0 0 0 0 0 0 0 0 0 0.00520605515241973 0 0.0424656353821017 0 0.0304114311707435 0.00549515410090001 0.00659796934091781 0 0.00993821422197879 0.0099382416957934 0.00993821788934771 0.00993821758588724 0.00993824889819872 0.00993821738242763 0.285104418812603 0 0 0.1090630102867
0 0 0 0 0.0426893810880943 0 0.251713091775574 0.0316646613470339 0.0062897518655202 0 0.00360538066686846 0.0130546850749791 0 0 0.0298494688437131 0.0426895850667767 0 0.0109878058596148 0.0323278131591433 0.0123523194569679 0.0303764045198107 0.022687581716186 2.5577979379523e-06 0.2758070504212 0 0.0641239470411935 0 0.0232246416816461 0.00375994209418642 0.146279631819549 0.216184466776706 0.0683439928721161 0.0819002456490993 0.179991836714617 0.256136486164808 0.681345889033881 0.0301564560542091 0 0
0 0 0 0 0.0227703005618971 0 0.0164126294637369 0 0.000790187590876601 0 0 0 0 0 0.0102833989311328 0.0172000117505639 0 0 0.000802643149158907 0 0.00284367593699394 0.00929761962410632 0.0089714897673568 0.0917201372365685 0 0.0101222037475691 0 0.00201795950614557 0.000189754793533888 0.0533368569795447 0.428639647926914 0.0775617452641404 0.216252741886948 0.181091733272485 0.646676925492709 1.92512642608714 0.0729852704503164 0 0
0 0 0 0 0.00591866455739163 0.076931219536181 0.431982585885483 0.00591853803004456 0 0 0 0 0 0 0.00591869387364216 0.0729616577476535 0 0 0 0 0 0.00703250243510995 5.92462522368063e-05 0.100599999542372 0 0.0729617028511002 0.248537933192174 0.0591747556573598 0 0 0.0532562947383271 0 0 0 0.57400418338073 2.37295382733752 0.00591870522557302 0 0
0 0 0 0 0 0 0.240278192149196 0.00735727519823494 0 0 0 0 0 0 0 0.0192056472904257 0 0 0 0 0 0.00389414541393283 0.000281705272894605 0.0662835079221191 0 0.057998096876992 0.347988726430805 0.0165707827698474 0 0.0015245139097055 0.66283384529009 0 0 0 0.124281016944521 13.3892820983989 0.0165709078317964 0 0
0 0 0 0 0.0303809072722757 0 0.0303811190073331 0.0303802577988072 0.00332148472898407 0 0 0.00335960271044944 0 0 0.0135038123330748 0 0 0 0 0 0.000335886600194177 0.0168805594320761 0 0.202550496393716 0 0.00337679457814505 0.000335999639301204 0.00675018817218454 0.000335997863716491 0.0236307235954183 0.0962132291726927 1.41954412830764 0.330833622294735 0.15528861402348 0.253187804743519 0.614405378533998 0.124907983656542 0 0
0 0 0 0 0 0 0.00775439974663421 0 0.000902572753273719 0 0 0.000129867627588685 0 0 0.000504034967321421 0 0 0 0 0 0.000179582970388817 8.52979928877695e-05 0.000877538892544954 0.00140871319296912 0 0.000504035190710116 0 0.000152502029092342 0 0.0361869604895003 0.0374794555457945 1.02786157619709 0.0361869727381417 0.0594502139502482 0.0219706615697929 0.0607427187863908 0 0 0
0 0 0 0 0.00258748188239977 0 0.00517499983091303 0.00776227970408073 0.0106894797714506 0 0 0.0025743224393769 0.00226273128080058 0 0 0 0 0 0.00517046464703847 0 0.00258662672024534 0 0 0.0206999587528365 0 0.00724498836728883 0 0.00258748013337711 0 0.0051749657484736 0.00776247008170391 0.000258748382906169 0 0 0 0 0 0 0
0 0 0 0 0 0 0.000131999995687057 0.000237989245790969 0.000702292181555874 0 0 0.000295968980311342 0 0 0.000115719762910655 0 0 0 0 0 0.000802992898864212 0.000892491740294809 0.000108327912668112 0.0120189260508408 0 6.59998940291322e-05 0 0.000833001604229642 0 0.00627717445328898 0.013584467642423 0.000297482140832691 0.000803258955363516 0.000297483069025198 0 0.00652079128163827 0 0 0
0 0 0 0 0 0 0 0 0 0 0 0 0 0 0.0118791556617092 0 0 0 0 0 0 0.00034855753639654 0.000262299388539257 0.000906604193481841 0 0 0 0 0 0.00873504718537594 0.146748134399864 0.0908431122598859 1.09536312088745 0.0262052279906036 0.082108062663001 0.296989602921996 0 0 0
0 0 0 0 0.0255600710278681 0 0.00255602491648493 0 0 0 0 0.000508396596018998 0.000496512473111247 0 0.00562303847938781 0 0.000510998465073103 0 0 0 0.0214629538199078 0.0388511945701212 0.00195951442027701 0.00255601990682217 0 0.00153350953776367 0 0.0199365369276514 0.00126976292681295 0.0613436939847226 0.0301606737540167 0.000178745482898457 0.221348209886329 0.0393622568156139 0.012268532699846 0.0194256640276972 0.00817907392981737 0 0
0 0 0 0.00240975973641031 0.0101219291260485 0.00530199238698761 0.0207259993228026 0 0.0507291676772756 0 0 0.0206204471028119 0 0 0 0 0.0303659682120901 0.000963059174096625 0.00433419819108268 0.00530120580830959 0.0207190049869777 0.0125319401872664 0 0.00481999039558802 0 0.0149419760088378 0.000481999482568989 0.0448256558294733 0 0.00915793938638092 0.00819396841861279 0 0.00385597578365484 0.0159059502222466 0.053501662902901 0.134959819557401 0.0062659991801317 0 0
0 0 0 0 0 0 0 0 0 0 0 0 0 0 0 0 0 0 0 0 0 0 0 0 0 0 0 0 0 0 1.89719268779499 0 0 0 0.054399657244922 4.57639388131661 0.271999964410441 0 0
0 0 0 0 0.00369511012676451 0 0.317767089617338 0.0288868301827488 0 0 0 0.000166046035881062 0 0 0.043331381221657 0.00356922406274916 0 0 0 0 0 0 0 0.147327906431384 0 0.0577752072348685 0.0548882310769639 0.0202206147465074 0 0.00288991687251803 0.0895525348444986 0 0.0317773804313159 0 0.0808854903660434 1.9788183543005 0.0664421713064415 0 0
0 0 0 0 0 0 0 0 0 0 0 0 0 0 0 0 0 0 0 0 0 0 0 0 0 0.108099026433848 0 0 0 0 0.0364670594477955 0 0 0 0 0.761902981328261 0.395929548195 0 0
