food_web_filename = 'East_Bass_Strait_406';
crc = 'crc_ddbd99a4';
n = 59;
l = 57;
b0 = [0.013 0.006 0.0408 0.003 0.001 0.158329025 0.00431085052 1.215 1.2 0.9 2.2 1.07 0.44 0.3900898 6 0.628024638 0.37309444 0.132 0.18084 0.00519999256 2.49 1.369305 4.69439936 4.472 0.688 1.161 0.43 0.0899999961 2.58 0.049 0.150832072 0.0972000062 0.0658 0.011746 0.111000009 0.2715 1.98 0.18 0.7372924 0.0720000044 6.171262 0.131 0.32 0.03934589 0.009167103 38 1.63 3.05806184 26.6007957 7.197539 6.074715 2.57519746 52.438633 11.059269 32.6442528 19 0.00595863443 131.125307914709 0.17].';
p = [0.07943 0.05376 0 0.12 0 0.538318685 0.001293255156 0 0 0 0 0 0 0 0 0 0 0 0 0 0 0 0 0 0 0 0 0 0 0 0 0 0 0 0 0 0 0 0 0 0 0 0 0 0 63 0 0 0 0 0 0 0 0 0 8390.4 0.03167610062988 0.000272966252 0.17].';
q = [0.025891964478819 0.0101976670093299 0.247481659757707 0.037910152155515 0.0122875424624756 0.22813910499656 0.000460627890835395 0.0206075883940047 0.0133154054193171 0.0699032167252962 1.44942923771986e-05 0.0426322667264024 0.0183825873848819 0.0129571714556344 0.0226388117270049 0.0172363426126244 0.0721900967882034 0.00416042983088838 0.00816923503000196 0 0.00200961269886339 0.0209741735710856 3.90209187490071e-05 0.0274202158201343 0.000826279304472546 0.02439124791499 0.0074699132246609 0.000256501109271367 0.0503141831606159 0.00160706091174708 0.00573580120969948 0.0045153780871707 0.000329934972709317 0.000691841765024323 0.000155792014752926 0.000217814176632839 0.0083281305175543 0.000584065791796884 0 0.00402269060672003 0.0583400509477576 0.000395027088621921 0.0228108785850883 0 0.00207936643340995 0 0.00371343967099806 0.000198019958744977 0.00253441620468053 0.0205870728168513 0 0 9.99999979586579e-07 0 0 0 0 3960.15381130844 0].';
r = [0.137438301918267 0.0537859219024505 1.28407986806626 0.1934963838105 0.0637320424886133 0.794316617269192 0.0033128605606452 1.55917652722042 2.94291810107204 1.48021534987174 6.17819261898946 2.65548488611764 0.760827226761512 0.774565933296549 13.4350624851043 1.33107543383151 0.859630583698446 0.177415107407503 0.331876852625923 0.0077457984538619 8.07384919837314 4.68751959448902 22.1342248672724 13.8007482838793 2.09485370356653 2.74092461394901 0.843432951441328 0.125179610604284 3.32987487998478 0.0456096108672618 0.334474070059893 0.219942767730717 0.099700980285286 0.022075246647214 0.314759938278893 0.627127732183346 5.09756129911934 0.31841497166102 1.39555781178088 0.122669569591637 39.0993530629047 0.297904686822352 0.654383613873316 0.078333760050403 0.0205339484812643 232.889013166317 8.77637313273413 19.5715912097007 85.197944161626 15.6995643756857 94.8369045372138 12.8759880171822 1080.23581794869 227.820934510503 1175.19314982079 1398.39989450001 0.0052793491931033 0 0].';
F = [
0.000167973254843118 0 0.000418033907853601 0.000841545573267854 0.000511268090065623 0.000415651081355772 0.000337101367280316 0 0 0 0 0 0 0 0.0135474655673036 0 0 0 0 0 0 0 0 0 0 0 0 0 0 0.00168796232488302 0 0 0 0 0 0 0 0 0 0 0.0165329960872152 0.00830567242439339 0.00171499957775755 0.00424707494569101 0 0.0181460988200358 0.0258250514379701 0 0 0 0 0 0 0 0 0 0 0 0
0 0 0 0 0 0 0 0 0 0 0.000676400310935935 0 0 0 0 0 0 0 0 0 0 0 0 0 0 0 0 0 0 0 0 0 0 0 0.00134479426992892 0.000708133172217067 0 0 0 0 0.00269468350892975 0 0 0 0 0.00147880012140003 0 0 0 0 0 0 0.00671999986282181 0 0 0 0 0 0
0 0 0 0 0 0 0 0 0 0.0799791504424574 0.402552498562141 0.0307247437923641 0.0196576598702238 0.0164918160307358 0.507665731326667 0.00813116959589623 0.0561324107150245 0.0250686656189067 0.00804172722221287 0.000319462004416049 0 0.0163686804041707 0.0137617133589502 0.145691845636136 0.0823457480285921 0 0.0643745288963655 0 0 0 0 0 0 0 0 0 0 0 0 0 0 0 0 0 0 0 0.0895196420166696 0 0 0 0 0 0 0 0 0 0 0 0.0476111511197354
0 0 0 0 0 0 0 0 0 0 0.00241571539619977 0 0.00122057843865483 0 0 0 0 0 0 0 0 0 0 0 0 0.00120042246483117 0.00121078512075477 0 0 0 0 0 0 0 0 0 0 0 0 0 0.00120298370934364 0 0 0 0 0.0356496457837507 0.0652266896253088 0 0.00600531528773239 0 0 0.00120000017867514 0 0 0 0 0 0 0.00960000022577611
0 0 0 0 0 0 0 0 0 0.00802284704429176 0 0 0 0 0 0 0 0 0 0 0 0 0 0 0 0 0 0.00800509100586949 0 0 0 0 0 0 0 0 0 0.00834913003247801 0 0 0.0360895112803092 0 0 0 0 0 0.00820461504720866 0.0039999993888491 0 0.00400227643453726 0 0 0.00399999991834632 0 0 0 0 0 0
0 0 0 0 0 0 0 0 0 0 0.171885900859843 0 0 0 0.253304285707705 0 0 0 0 0 0 0 0 0 0 0 0 0 0 0 0 0 0 0 0 0 0 0 0 0 0.00971382879653384 0 0.0222711322518021 0 0 0.00587172992369813 0.0768505369703664 0 0 0 0 0 0.0107663697802216 0 0 0 0 0 0
0 0 0.000132320727241718 4.7332471036295e-05 4.67697863766963e-05 0.000131566488580308 3.04858415985664e-05 0.000708539963457628 0.000696380708271574 0.000248835721355461 0 4.77603687722341e-05 0 4.74697267935895e-05 0.000239289306776816 0 0 4.7372709813433e-05 0 0 0 0 0 0 0 0 0 0 0 0 0 0 0 0 0 0 0 0 0 0 0 5.23541979139832e-05 0.00016285514470337 0.0002355527190467 0.000205266448983374 0 0.000532511617120214 0 0.000232102132947448 9.28114897770779e-05 0 0 0 0 0 0 0 0 0
0 0 0 0 0 0 0 0 0.013321048715024 0 0.0177595746163186 0.0513092672301119 0.00224332654112119 0.00225418243612963 0.473911012633592 0.00222594643152033 0.0143784231216059 0 0.00222391980844805 0.000220920431599239 0.014808753881371 0.00575202218714688 0.0873807898562228 0.0661803875287083 0 0.0285450258545901 0.0111109916378783 0 0.0181631347616447 0.00223190448664261 0 0 0 0 0 0.0127766719005587 0.05021399988475 0.0126418561115017 0.011583923622737 0 0.00317285249112464 0.0110433728258747 0.0229013208350059 0 0 0.00117911203429755 0.497200082091597 0.0627668904099882 0.0116863835853625 0.58498122850939 0.00665300096380773 0.00193330828786174 0.000387098992097985 0.00373976994271855 0.0568620014428861 0 0.000415529928227506 0 0.0612360014401693
0 0 0 0 0 0 0 0 0 0 0 0 0 0 0 0 0 0 0 0 0 0.0840806479277992 0 0.0936487677928755 0 0 0 0 0 0 0 0 0 0 0.00420248209352788 0.0177033293054267 0.0435135147715998 0 0 0 0 0 0 0 0 0 0 0.352799946096491 0.479803873063487 1.43721746764233 0.876499979233132 0 7.23496185230968e-05 0.241743396297255 0.530460013460543 0 0 0 0.0424229309977171
0 0 0 0 0 0 0 0 0 0 0 0 0 0 0 0 0 0 0 0 0 0 0.0420527899400845 0 0 0 0 0 0 0 0 0 0 0 0 0 0 0 0 0 0 0 0 0 0 0.00380208753712706 0.101054366730777 2.73987658138043e-05 0.0449069269952401 0.0113193682861424 0.000302383078753342 1.94656128983506 0.0109541897763875 0.000230962296462388 0.00480176412184585 0 0.000155271973180616 0 0
0 0 0 0 0 0 0 0 0 0 0 0 0 0 0 0 0 0 0 0 0 0 0 0 0 0 0 0 0 0 0 0 0 0 0 0 0 0 0 0 0 0 0 0 0 0.64796763167614 0 0 0 0 0 3.72019755392228 1.35274797238579 1.04540798398765 2.31274305868638 0 0 0 0
0 0 0 0 0 0 0 0 0 0 0 0 0 0 0 0 0 0 0 0 0.0359588167520177 0 0.999097131613068 0.035452290444994 0.0362505907027674 0.00235384038734777 0 0 0 0 0 0.00365533739718716 0 0 0 0.00377905067410932 0.016569677952258 0 0.0527134320272258 0 0 0 0 0 0 0.273053510540946 0.184249911980596 0.0902619662090775 0.000221484635430149 0.191888243141691 0.00210184619082978 0.00269102640068288 0.325837193348548 1.03284598418006 0.457345911605256 0 0 0 0
0 0 0 0 0 0 0 0 0 0 0 0 0 0 0 0 0 0 0 0 0.0840650071345762 0 0.219612982462641 0.503506787270691 0 0 0 0 0 0 0 0 0 0 0 0.0112371250504435 0 0 0.0592318821935948 0 0 0 0 0 0 0 0 0.0115106682413109 0 0.109059031133815 0 0 0.0320088493465899 0.0380795494167417 0.00579718414710485 0 0 0 0
0 0 0 0 0 0 0 0 0 0 0.105565252991807 0.0433470449535335 0 0 0.276170618472439 0 0 0 0 0 0.165892422084827 0.00604459781793326 0.189808154373504 0.245132568851006 0 0.0209908173010102 0.018845769505788 0 0 0 0 0 0 0 0 0 0 0 0 0 0 0 0 0 0 0 0.00776541482469341 0.0135189279344735 0.0012486581838594 0.00866222694417986 0 0 0.00505358589683902 0.00639150490210235 0.00349262408862612 0 0 0 0
