food_web_filename = 'Eritrea_496';
crc = 'crc_d73d0e96';
n = 19;
l = 18;
b0 = [3.4 3 3.9 9 3.45 10.38 7.3 7.95 7.61 22.35 47.48 18.8 42.04 50 500 24 20.5 740 800].';
p = [0 0 0 0 0 0 0 0 0 0 0 0 0 0 0 0 11070 10744.8 0].';
q = [0.11 0.02 0.06 0 0 0 0 0 0 0 0 0 0 0 0 0 0 0 3972.77192867681].';
r = [9.35 9.63 13.8060007 33.3 47.955 126.635994 169.36 73.14 46.4209976 107.28 237.4 282 2270.16 5410 3200 2169.6 1845 1790.8 0].';
F = [
0.1326 0.2652 0.1326 2.652 1.7238 1.8564 2.2542 1.7238 0.2652 0 1.81662 0.43758 0 0 0 0 0 0 0
0.2835 0.0675 0.4455 1.4715 1.755 1.755 0.1485 1.1745 0.297 0 2.2815 3.8205 0 0 0 0 0 0 0
0.3822 0.3822 0.3822 2.14032 1.87278 4.14687 0.21021 6.65028 0.3822 0 2.35053 0.21021 0 0 0 0 0 0 0
0.054 0.054 0.054 0.54 0.594 3.78 0.594 0.54 0.54 0.594 13.716 10.8 7.56 6.48 2.7 0 0 0 5.4
0 0 0 0 0 0.069 0.069 0.069 0.069 2.07 3.45 2.76 1.38 1.38 1.38 1.38 2.07 39.054 13.8
0 0 0 0 0 1.68156 3.36312 3.7368 5.6052 7.4736 14.9472 29.8944 9.342 9.342 17.56296 8.4078 0 18.684 56.79936
0 0 0 0 0 0 0 0 0 7.008 11.68 18.688 4.672 4.672 4.672 4.672 2.336 128.48 46.72
0 0 0 0 0 0 0 0 0 0 38.16 1.1925 7.155 1.1925 0 69.165 0 0 2.385
0 0 0 0 0 0.9132 0 6.3924 9.132 0 13.698 24.6564 9.132 4.566 0 18.264 0 0 4.566
0 0 0 0 0 0 0 0 0 1.788 7.152 7.152 14.304 12.516 16.092 0 0 53.64 66.156
0 0 0 0 0 4.748 8.0716 0 4.748 4.748 4.748 4.748 94.96 58.8752 12.8196 25.6392 28.488 47.48 174.7264
0 0 0 0 0 0 0 0 0 5.64 5.64 5.64 22.56 15.228 22.56 3.384 0 32.148 451.2
0 0 0 0 0 0 0 0 0 0 0 0 252.24 42.04 42.04 168.16 0 168.16 3531.36
0 0 0 0 0 0 0 0 0 0 0 0 0 547.5 0 547.5 0 0 9855
0 0 0 0 0 0 0 0 0 0 0 0 60 60 60 120 300 300 5100
0 0 0 0 0 0 0 0 0 0 0 0 0 854.4 0 0 2136 0 1281.6
0 0 0 0 0 0 0 0 0 0 0 0 0 0 0 0 0 0 0
0 0 0 0 0 0 0 0 0 0 0 0 0 0 0 0 0 0 0
2.9477 3.0811 4.2297 13.89618 15.09942 41.25397 49.52937 25.82322 23.8604 42.1984 117.7602 172.0004 1450.535 3921.808 2620.173 1135.828 6756.106 8166.354 0
];

