food_web_filename = 'Garonne_221';
crc = 'crc_f3586fae';
n = 10;
l = 9;
b0 = [0.1 0.5 1.25 0.05 3.065 1.16 23.950573 6.73 9.909 15.7331212573124].';
p = [0 0 0 0 0 0 0 2479.332 59.454 0].';
q = [0 0 0 0 0 0 0 0 0 1799.79858968669].';
r = [0.43 4.68 13.875 0.220000014 27.585 5.61010456 263.4563 413.222 9.909 0].';
F = [
0.006 0.015 0.018 0.003 0.21 0.3 0.03 0.018 0 0
0 0 0 0 0.254 1.5875 0.635 0.635 0.635 2.6035
0 0 0 0 0 1.8125 9.0625 3.625 1.8125 1.8125
0 0 0 0 0 0.03 0.06 0.12 0.03 0.06
0 0 0 0 0 0 25.746 7.356 1.839 1.839
0 0 0 0 0 0.638 6.38 1.276 0.638 3.828
0 0 0 0 0 0 71.85172 287.4069 0 119.7529
0 0 0 0 0 0 0 0 0 0
0 0 0 0 0 0 0 0 0 0
0.164 1.655 4.232 0.077 8.731 2.781895 101.7899 1765.673 44.5905 0
];

