food_web_filename = 'Georges_Bank_705';
crc = 'crc_8f2b532d';
n = 31;
l = 29;
b0 = [6.51790762 5.587981 12.9851427 6.98079443 1.31946278 3.805126 0.0449999981 11.4027233 10.8735294 9.8865 40.02257 3.61377883 3.96506357 0.0899999961 0.6293996 14.97737 1.07370007 1.262162 0.25 0.291530073 4.57617569 3.43895674 2.2446754 0.0433406569 0.0043953904 0.4167178 0.112728074 0.00349686272 25.7047176 0.483639836 77.3997638201392].';
p = [0 0 0 0 0 0 0 0 0 0 0 0 0 0 0 0 0 0 0 0 0 0 0 0 0 0 0 0 5124.51880180305 25.0018969053999 0].';
q = [0 0 0 0 6.35809094634188e-07 0 0.0198816901489445 0 0 0 0.647593181969978 0.233050961930656 0 0.000228737729445097 0.298999006764746 0.0298996163577792 0.00338929457114837 0.0330955868956655 0.0134281302399604 0.103036777295129 0.0845363242725828 0.532835130499992 0.159415873465059 0.00364421280147904 0.00102187706455488 1.246797344114e-08 1.01880130762356e-08 0.000143795426427736 0 54.797416090301 469.309200784417].';
r = [1387.71441613851 816.830298877896 703.10490129909 191.893653277245 69.9286812197254 49.9414421720291 0.0270389379965655 71.2607994534378 81.5426096184286 35.5889358302093 272.866034058615 1.44549197232137 41.9973282382838 0.134839488178293 14.6332841486972 20.2897274023827 0.368155570278952 1.75069376168913 0.318750689607783 0.456260241981 0.887507751521022 0.307668868234796 3.11690861433798 0.0152055031284595 0.00466971548168326 1.48355158244592 1.24262100353936 0.0120433755267644 854.086362167 0 0].';
F = [
0 0 0 0 0 0 0 0 0 0 0 0 0 0 0 0 0 0 0 0 0 0 0 0 0 0 0 0 594.758827020461 0 1883.30283018766
217.272017482276 162.591635735972 0 0 0 0 0 0 0 0 0 0 0 0 0 0 0 0 0 0 0 0 0 0 0 0 0 0 292.435064116924 0 682.312208924114
0 132.703168884059 107.82425004101 0 0 0 0 0 0 0 0 0 0 0 0 0 0 0 0 0 0 0 0 0 0 0 0 0 1201.63085255458 0 216.675975357525
0 33.5291688236056 133.335577959536 93.5357683403286 40.6204116585303 0 0 0 0.146770951937461 0 0.0782491377330425 0 0 0 0 0 0 0 0 0 0 0 0 0 0 0 0 0 417.737548741755 0 45.4038550428479
3.83513897692603 9.58787149931238 63.2816950928792 69.0344252521774 4.02674093660744 0 0 0 0 0 0 0 0 0 1.91759032831509 1.01699652229864 0.322933432874086 0.0802915406125987 0.00302138503827239 0 0 0 0 0 0 0 0 0 16.4917679763871 0 19.175450089019
0 0 42.7489940766802 45.2058437367944 0 5.72473296069493 0 0 0 0 0 0 0 0 0 0 0 0 0 0 0 0 0 0 0 0 0 0 22.5044972385986 0 22.7007025865763
0.00135657116500358 0.00593679292102296 0.0279174422570184 0.0430634305733634 0 0.00116387147465124 0 0 0 0 0 0 0 0 0 0 0 0 0 0 0 0 0 0 0 0 0 0 0.00232778171437089 0 0.000357946661399661
61.5109336196968 0 0 0 0 0 0 3.06711069407692 0.196356463999065 0.11555969867285 0.70590574382052 0.709760350156043 0.0384929328169207 0 0 0 0 0 0 0 0 0 0 0 0 0 0 0 25.5517668646852 1.17445063626712 106.459937569191
42.7066937202017 0 4.43195873261085 8.46099201484266 0 0 0 3.34353360316915 1.84935305016823 1.93462904672655 6.00829086621124 4.10615749510715 0.0658450762484734 0 0 0 0 0 0 0 0.194773381329275 0.117059389619068 0 0 0 0 0 0 48.3491240673486 2.00007031594743 104.750828473922
27.6109039186203 0 0 0 0 0 0 0 0 0.596774479471306 0.483857260584974 1.7355857351491 0.0589358477230413 0 0 0 0 0 0 0 0 0 0 0 0 0 0 0 59.7997326623083 0.783245210981126 47.332382467613
162.791119696146 0 0 0 0 0 0 12.1537207746004 17.9323614780442 11.5650592379391 40.3590412710462 4.05477630227014 2.28224921602802 0 0 0 0 0 0 0 0.601847505990362 0.298863295011731 0.000172439783175844 0 0 0 0 0 151.605381397349 7.07121538845156 295.055006504425
5.20363166004085 0 0 0 0 0 0 0 0 0 0 0 0 0 0 0 0 0 0 0 0 0 0 0 0 0 0 0 44.8831244926421 0 14.960244288955
12.5390131509979 0 0 0 0 0 0 5.53138992633601 7.00046833240678 2.29602102402856 20.9969273674122 3.44831182940734 3.18257278853805 0 0 0 0 0 0 0 0.228630470076857 0.130425373115266 1.71271911969797e-05 0 0 0 0 0 0 3.42358408691299 12.5388530788125
0.164389555084572 0 0 0 0 0.0554828092089087 0 0 0.00401169709088279 0 0.00566459956136095 0 0 0.000244500766424079 0 0 0 0 0 0 0 0 0 0 0 0 0 0 0.0277418665959502 0.0275425011942493 0.16438745649874
0 0 12.9155322542479 7.47739433570937 0 2.03928178858662 0 0.291598286522326 0.19639385993564 0.142390240932231 0.155260694062898 0 0 0 1.56991143333869 0 0 0 0 0 0 0 0 0 0 0 0 0 1.76740778313125 0 1.76731399944479
0 0 4.50457695812848 13.0540564806127 2.45130459436515 4.93355523365624 0 0.267285905403621 0.740374351271555 0.267290692853459 0.336972368866706 0 0 0 2.8833443702791 0 0 0 0 0 0.0271453528218324 0.0271432295609219 0.123802146980865 0 0 0 0 0 0.337080858638687 0 0
0 0 0.247915255953071 1.23095158069731 0.219875141754601 0.0905424310414361 0 0 0.00147341089986529 0.00103141358515887 0.000515424793400871 0 0 0 0.0150903950221167 0 0 0 0 0 0 0 0 0 0 0 0 0 0.338461758469245 0 0.00150625788459465
0 0 0 0.446835102797144 0 1.58422642268963 0 0 0.345248385472975 0 0.060913181250202 0 0 0.038540864129463 0.609317500766388 0.0568690834837401 0.0609317495831414 0.267545706339076 0.000356609801402413 0 0 0 0 0 0 0 0 0 0 0 0
0 0 0.028011571253121 0.449818265429071 0 0.0100927806814223 0 0.000245475506231294 0.00102888820149242 0 0 0 0 0 0.00424958737990772 0 0 0 0 0 0 0 0 0 0 0 0 0 0.00584328428300317 0 0.000703737069370657
0 0 0 0 0.000747002166965777 0 0.00224115024607695 0 0.0089637550026015 0 0.00746820266183745 0.00224114679313472 0.0126902559891595 0.000717679333627404 0.00149409576461434 0.399666701612758 0.0306289619800721 0.0791847618824938 0.00718524234399903 0.00747479429351881 0.0679618220744519 0.00970807274588934 0.0550686169802691 0 0 0 0 0 0 0 0.000747021067165262
0 0 0 0 0.022832447855672 0.0045667723868812 0 0.465778106340663 0.547962358668085 0.465786449052623 0.56154154024595 0.438410512874216 0.561290095444268 0.0257350870718228 0 0.461239338013642 0.00456677027236595 0.0406877252010368 0 0 0.318281066786283 0.122532594474071 0.0765824744115025 0 0 0 0 0 0 0.0453402804115062 0.0456660510970666
0 0 0 0 0.0157135366269637 0.0785725418507748 0 0.377121632961192 0.188556711516498 0.188564143861735 0.188516483129867 0.204288890762891 0.816539302993829 0.0292174519514683 0.0377147977517776 0.377144310133567 0.00628579963761169 0.0616328349496663 0 0 0.138247896292693 0.0125670093438219 0.0699265584322803 0 0 0 0 0 0 0.031203679435082 0.0314278784022987
0 0 0 0 0.131184703166162 0.00655964095410562 0.0327982852947758 0.0655917935206609 0.065590382979865 0.098389457536426 0.583630026047226 1.22009483315446 0.0917658321319722 0.0572625094247682 0.0655963581690428 1.59311295650762 0.157431286004784 0.0721539175760044 0.0448741213338353 0.00655779112179016 0.19017488181263 0.0327861994298103 0.428121586342137 0 0 0 0 0 0 0 0.00655940211607729
0 0 0 0.000712968469123426 0.000237640447335928 0 0.000163773079567545 0 0.000237633278879793 0 0.000237582580056388 0 0 0 0 0.00499070615869975 0.0019012402240696 0.00380236986081463 2.31667312575817e-05 0.00285166175306343 0.00118793421196777 0.00190054547043755 0.00166343055528798 0.000327509181997741 0.000237653068317398 0.00023753285450798 0.000475290618865219 0.000712171643162379 0 0 0.0011882327998313
0 0 0 0 0.000926789955221517 0 0 0 0 0 0 0 0 0 0 0.0012168111236116 0.00668498175601663 0.000194986267548245 0 0 0 0 0 0 0 0 0 0 0 0 0
0 0 0.111289813080351 0.886479495667475 0.00191866040220256 0.554526997140319 0 0 0.111278908486193 0.0113651230814729 0.0441184404541023 0 0.00662501442658628 0 0 0.111287993167455 0.00692471062327392 0.00515987197652785 0.000234400777326914 0 0 0 0 0 0 0 0 0 0 0 0.0230245053640335
0 0 0 0 0.00503917346964739 0.0419957154711849 0 0 0 0 0 0 0 0 0 0.591293624144364 0.319166997804552 0.426663835426024 0.00321671251946197 0.000491226937010265 0 0.105790503353215 0.0617492102380574 0 0 0 0.00350534505970974 0 0 0 0
