food_web_filename = 'Georges_Bank_EMAX_2008';
crc = 'crc_2f89a6a0';
n = 31;
l = 29;
b0 = [22.754754 4.2404639 0.010509277 0.081665443 0.41560521 0.036200375 0.028329177 6.0313413 6.5638077 11.981771 0.19213845 0.81697883 1.3334191 1.6713881 12.482131 0.48103173 0.33331665 5.6856721 6.0262004 78.141055 15.879701 16.522718 8.3332477 0.039133294 7.4200152 5.1094768 14.530017 11.56097 3.6570398 11.826297 57.663305].';
p = [4380.9247 0 0 0 0 0 0 0 0 0 0 0 0 0 0 0 0 0 0 0 0 0 0 0 0 0 0 0 0 0 0].';
q = [0 0 0 0 0.00011927378 0 0.0024343779 0 0.28445313 0.0026597585 0.17173852 0.0046749129 0.022215274 0.0023043625 0 0.23912096 9.8124066e-05 0 0.030817743 0.5839014 0 0 0 0 0 0 0 0 0 0 0].';
r = [888.70351 697.55377 0.02776116 0.7185661 1.0868405 0.031966759 0.0053327867 3.7630549 1.0775016 3.2815418 0.1684859 0.44121801 0.98885063 0.60565987 8.5940689 9.2769336 0.85657659 22.342792 7.522881 430.71739 76.615645 90.926617 20.966297 0.02154893 141.08445 317.57553 724.58683 529.16693 400.87164 0 0].';
F = [
0 0 0 0 0 0 0 0 0 0 0 0 0 0 0 0 0 0 0 0 0 0 0 0 0 0 0 0 0 0 0
268.71974 0 0 0 0 0 0 0 0 0 0 0 0 0 0 0 0 0 0 0 0 0 0 0 0 0 0 0 0 0 1490.4731
0 0 0 0 0 0 0 0.00092939077 0.0010958311 0 3.6690657e-05 0.00099773106 0.0023362206 0.0090258774 0.012250629 0 0.0014383943 0 0 0 0 0 0 0 0.0075749324 0 0.001672849 0 0 0.0029954179 0
0 0 0 0.0035276794 0 0 0 0.060037018 0.047167116 0 0.0009409359 0.028499853 0.24975359 0.18732058 0.40985579 0 0 0 0 0 0 0 0 0 0.040728532 0.004546168 0 0 0 0 0
0 0 0 0 0 0 0 0 0 0 0 0.0019792801 0.011508825 0.0063225667 0.072144086 0 0 0.0066889734 0 0.033818132 0.0083489521 0.075768092 0 0 0.5021135 0.0016192586 0.72243762 0.079706161 0 0 0.021030317
0 0 0 0 0 0 0 0 0 0 0 0 0.0040967077 0.047087393 0.010481577 0 0 0 0 0 0 0 0 0 0 0.0062921962 0 0 0 0 0
0 0 0.00050603 0.00033451655 0.00021282987 0.00017002677 0.0003134786 0.0010380747 0.0010362217 0.00060624145 0.0017758152 0.0002328008 0.0024382371 0.0012279056 0.0035171902 0 0 0 0 0.00018244384 0 0.00017018789 0 0.00011150575 0 0.00019453612 0.00057290443 0 0 0 0.0010215306
0 0 0 0 0 0 0 2.2564312 0.065854139 0.35697845 0.0147785 0.92450526 0.16618868 0.36607598 3.9588109 0.16501232 1.1036077 0.20062686 3.3290016 1.5504249 0.17927427 0.16501003 0.15572528 0.057818202 0.019149407 0.36917904 0 0 0 0 0.01916686
0 0 0 0 0 0 0 0.18536737 0.021705713 0.22421992 0 0 0.13502332 0.012387353 0.78129636 0.078666603 0.43318432 1.5217901 0.45642656 0.40964941 0.29650243 0.39191043 0.75181409 0 0.18483191 0.035936442 0 0 0 0.054359921 0.073970722
0 0 0 0 0 0 0 0.33014455 0.35370864 0.77093868 0 0 0.13027594 0.013163449 1.377889 0 0.73535879 1.5354715 1.3864638 1.7333388 1.0912999 1.634146 1.3510998 0 0.015057929 0.073578032 0 0 0 0.11838455 0.15024379
0 0 0 0 0 0 0 0.043489176 0.0052617587 0.034403577 0.0051270105 0.016964667 0.051031657 0.019847652 0.28484093 0.0010794429 0.0048028614 0.007692193 0.0018137217 0.0058565802 0 0.0065115809 0 0.0010391008 0 0.00062649632 0 0 0 0 0.00065944794
0.020527115 0 0 0 0 0 0 0 0 0 0 0 0 0 0 0.014599443 0 0 0 0 0 0.010807509 0.00181496 0 0.035160071 0 1.6173411 0.14549897 0 0 0.0036909634
0 0 0 0 0 0 0 0 0 0 0 0.0057805314 0.5544362 0.055489941 0.055426248 0.60098072 0.18797407 0 0 0.063729025 0 0.34078544 0 0 1.8194126 0 0.48730789 0 0 0 0
0.66200995 0 0 0 0 0 0 0 0 0 0 0 0 0 0 0.025249791 0 0 0 0.0037857384 0.0052871287 0.0071895236 0 0 0.17358409 0.40707535 2.2414578 0.42860104 0 0 0.004135044
0.34220279 0 0 0 0 0 0 0.15466639 0.01938975 0.018126972 0 0 0 0 0 2.6825365 0 0 0 0.29936752 0.19214777 0.68532122 0.25904352 0 4.8737828 2.3167145 12.117768 3.8727182 0 0 0
1.4351659 0 0 0 0 0 0 0 0 0 0 0 0 0 0 1.4317647 0 0 0 0.94907264 0.56442767 1.0905283 0.79272683 0 1.6106218 0 5.4808793 8.6525959 0 0 1.3994643
0.18415882 1.0826164 0 0 0 0 0 0 0 0 0 0 0 0 0 0 0.044997748 0 0 0.25023917 0 0.18007549 0 0 0.36722415 0 0 0 0 0.1777532 1.0811115
0 15.587488 0 0 0 0 0 0.4204279 0.37424244 0.61156139 0 0 0 0 0 0 0 14.605396 4.2512782 25.221447 17.037422 7.9174612 7.4427738 0 0 0 0 0 0 3.0270765 16.577537
40.150046 12.187326 0 0 0 0 0 0 0 0 0 0 0 0 0 0 0 0 0 0 0 0 0 0 0 0 0 0 0 0 13.068105
249.81692 235.99296 0 0 0 0 0 3.1212869 2.5794102 4.0196474 0 0 0 0 0 0 0 49.792547 5.8066833 112.85979 113.78435 63.665693 56.373291 0 0 0 0 0 0 5.5543306 472.81093
104.8662 46.967413 0 0 0 0 0 0 0 0 0 0 0 0 0 0 0 2.7287582 2.9578797 13.7317 14.894913 0 0 0 0 0 0 0 0 1.2092036 81.667932
53.091304 41.897696 0 0 0 0 0 0 0.49391066 0.92081096 0 0 0 0 0 0 0 2.803679 4.2776808 39.298132 31.326651 36.049567 31.289242 0 0 0 8.3386872 3.9702321 0 1.1643843 112.10104
19.4956 43.497082 0 0 0 0 0 0 0 0 0 0 0 0 0 0 0 0.40504179 0.49832394 8.2490101 1.0159839 2.6158319 13.700697 0 0 0 0 0 0 0.6152582 79.57701
0.0016200649 0.0016070588 0 0 0 0 0 0 0 0 0 0 0 0 0 0 0 0 0 0 0 0 0 0 0.00080641089 0 0.029801118 0.040270453 0.0048128237 0 0.0016049472
32.091479 0 0 0 0 0 0 0 0 0 0 0 0 0 0 0 0 0 0 0 0 0 0 0 7.8587809 0 56.144178 110.7049 0 0 31.356723
70.915015 14.393046 0 0 0 0 0 0 0 0 0 0.34463933 1.537852 2.0596028 8.8907774 6.064875 0 0 0 0 0 0 0 0 0 15.669062 261.169 213.27192 33.531793 0 80.124532
827.95179 0 0 0 0 0 0 0 0 0 0 0 0 0 0 0 0 0 0 6.0480368 0 4.1159146 0 0 0 81.904234 164.74174 402.03573 74.260939 0 87.531904
1082.2644 0 0 0 0 0 0 0 0 0 0 0 0 0 0 0 0 0 0 0 0 0 0 0 0 0 0 118.03993 302.94768 0 190.0537
156.20743 374.57323 0 0 0 0 0 0 0 0 0 0 0 0 0 0 0 0 0 0 0 0 0 0 0 0 0 0 88.830676 0 354.76372
0 0 0.0036333331 2.5792987e-07 3.2338654e-07 0.026109841 0.0059397533 3.9182805 0.037554907 1.7477015 0.075821943 0.073815781 0.0085398147 0 0.76336953 1.2216871e-07 0 0.24251613 4.992078 0.020570994 0.0023511099 0.0041368496 0.0013093406 8.0457738e-11 0 1.6398686e-05 0 0 0 0 0
584.00565 275.45858 0.008453441 0.3099487 0.45631285 0.0097112465 0.0016420808 1.1684663 0.68675096 0.81136649 0.052342543 0.0061319724 0.30677561 0.57285966 2.6190572 2.8264282 0.00013778396 16.881111 29.894149 734.14839 12.009398 157.13957 36.584004 5.1371567e-06 79.562779 289.6075 410.91062 302.89665 73.927513 0 0
];

