food_web_filename = 'Germany_Schlei_Fjord_464';
crc = 'crc_f98af7bf';
n = 10;
l = 9;
b0 = [0.07649 0.51 0.178 1.402 0.663 2.8 96.9 10.2 89.2 103.065782863451].';
p = [0 0 0 0 0 0 0 0 933.5469526704 0].';
q = [0.0309 0.382 0.05 2.295 0.115 0 0 0 0 211.680388382804].';
r = [0.35212934 4.1004 2.11383915 15.935132 5.400798 17.0240021 397.0962 121.37999 155.5911587784 0].';
F = [
0 0.1019918 0.2549794 0 0.02549794 0.1274897 0 0 0 0
0 0 0 0 0.1527195 2.804852 2.805428 0 0 0
0 0 0 0 0 0.2526354 0 2.791165 0 0
0 0 0 0 0 0 0 22.93672 0 0
0 0 0 0 0 0 7.14051 0 0 0
0 0 0 0 0 0 20.384 5.096 0 0
0 0 0 0 0 0 0 0 441.218 441.218
0 0 0 0 0 0 0 0 297.84 74.46
0 0 0 0 0 0 0 0 0 0
0.1269295 1.178608 0.6249816 4.706588 1.446495 5.271023 455.0099 220.0961 38.89779 0
];

