food_web_filename = 'Golfo_Dulce_53';
crc = 'crc_55411911';
n = 21;
l = 20;
b0 = [0.01 0.011 0.15 0.1 0.1 0.036 0.036 0.016 0.086 0.054 0.049 0.184 0.38 0.195 0.131 0.555 1.628 2.26 0.7 3.75 2.29492524485688].';
p = [0.0168 0 0 0 0 0 0 0 0 0 0 0 0 0 0 0 0 0 0 450.15 0].';
q = [0 0 0.014 0.05 0.05 0.01 0 0.001 0.02 0.015 0.02 0.015 0.02 0 0.004 0 0 0 0 0 30.9716572652034].';
r = [0.2235 0.615229964 0.843000054 0.164 0.269000024 0.07667999 0.0792 0.0384 0.2838 0.183600008 0.149939984 0.7544 4.256 1.2675 1.41479993 4.49549961 15.7916 207.92 105 75 0].';
F = [
0 0 0.0364 0.0056 0.0028 0.0028 0 0 0 0 0 0.0028 0.2128 0 0 0 0 0 0 0 0
0 0 0 0 0 0 0 0 0 0 0 0 0.6391 0.0077 0 0.0462 0.077 0 0 0 0
0 0 0 0 0 0 0 0 0 0 0 0.0237 0.6517501 0.05925001 0.09480001 0.03555 0.0237 0.29625 0 0 0
0 0 0 0 0.0112 0.008399999 0.0168 0.008399999 0.014 0.008399999 0 0.0196 0.0308 0.042 0.0308 0.0504 0.0392 0 0 0 0
0 0 0.04725275 0 0 0 0.00945055 0 0.02362638 0.00945055 0 0.004725275 0.08505495 0.0378022 0.06142857 0.08032967 0.07087913 0 0 0 0
0 0 0 0 0.006479999 0.005183999 0.007775999 0.002592 0.009071999 0.005183999 0 0.018144 0.009071999 0.01296 0.006479999 0.036288 0.010368 0 0 0 0
0 0 0 0 0 0 0 0 0 0 0 0.0216 0 0.0144 0 0.072 0.036 0 0 0 0
0 0 0 0 0 0 0 0 0.00512 0.00192 0.00192 0.00768 0 0.0096 0.01024 0.01344 0.01408 0 0 0 0
0 0 0 0 0 0 0 0 0 0 0 0.0559 0.02795 0.02795 0.1118 0.17888 0.15652 0 0 0 0
0 0 0 0 0 0 0 0 0.01485 0 0.0297 0.0594 0.04455 0.0297 0.04455 0.0594 0.01485 0 0 0 0
0 0 0 0 0 0 0 0 0.02548 0.01274 0 0.07644 0.01274 0.02548 0.02548 0.07644 0 0 0 0 0
0 0 0 0 0 0 0 0 0.04416 0 0 0.05888 0 0.05888 0.1472 0.2944 0.54464 0.32384 0 0 0
0 0 0 0 0 0 0 0 0 0 0 0 0 0 0 0 0 6.84 0 0.76 0
0 0 0 0 0 0 0 0 0 0 0 0 0.0429 0.10725 0.2145 0.429 0.429 0 0.92235 0 0
0 0 0 0 0 0 0 0 0 0 0 0 0 0 0 0.2751 0.63273 0.57771 0.68775 0.57771 0
0 0 0 0 0 0 0 0 0 0 0 0 0 0 0 0.41625 3.33 1.24875 2.24775 1.08225 0
0 0 0 0 0 0 0 0 0 0 0 0 0 0 0 0 3.40252 4.02116 14.22872 9.2796 0
0 0 0 0 0 0 0 0 0 0 0 0 0 0 0 0 0 33.9 44.07 261.03 0
0 0 0 0 0 0 0 0 0 0 0 0 0 0 0 0 0 0 0 0 280
0 0 0 0 0 0 0 0 0 0 0 0 0 0 0 0 0 0 0 0 0
0.0565 0.15477 0.2443472 0.0604 0.09052 0.026536 0.03077345 0.013608 0.1188916 0.06070546 0.05324 0.3537307 1.567283 0.4445278 0.5849213 1.765822 6.358913 83.87229 112.8434 102.2704 0
];

