food_web_filename = 'Grand_Banks_of_Newfoundland_105';
crc = 'crc_f04c62d5';
n = 50;
l = 49;
b0 = [1e-06 0.502 1e-06 0.590909 0.102 0.000453 0.026906 0.005841 8.162332 1.36 2.74970627 13.929038 0.9292929 0.282828 2.40737653 7.78643274 0.191680685 0.469374 0.0784284 20.6644249 0.00166523154 1.333168 20.1767883 1.95799839 20.55371 7.94785357 0.587407649 0.572823465 0.03422547 16.0803452 22.6911983 9.22995 6.05559826 0.115144506 2.01314926 10.3924332 3.33539772 8.885117 0.174434 27.4171352 0.0187284332 14.4765444 61.27871 25.2902584 66.51729 28.7238522 94.05372 107.398651 75.12208 546.612].';
p = [0 0 0 0 0 0 0 0 0 0 0 0 0 0 0 0 0 0 0 0 0 0 0 0 0 0 0 0 0 0 0 0 0 0 0 0 0 0 0 0 0 0 0 0 0 0 0 0 8392.6387776 0].';
q = [3.42923066e-06 0.044181 3.04315384446e-06 0.016538 0.001877 1e-06 6e-05 1.3e-05 0.773607731 0 0 0 0.003636 0 0 3.6800860894367 0.0655706306981779 0 0 0 0.000101 0.000202 0 0.001414 0 0 0 0 0.001367216 0.016162 0 0 0.00202 0 0 0 2.7683801076 0 0 0 0.00404 0 0 0 0.012731 0 0 0 0 2467.74281363956].';
r = [1.34169231e-05 4.684664 1.194e-05 8.170854 1.057842 0.01972815 1.17175627 0.254375547 5.50602055 1.57028854 3.508467 26.6589737 0.859126031 0.3936764 5.53720665 12.5280619 0.20078364 0.5586292 0.126233816 25.8050022 0.007031791 1.04972959 23.8306522 1.86752868 29.4060326 23.9667225 0.5787127 0.5219092 0.10249617 53.7405167 66.76667 21.2976761 16.921442 0.163090318 7.236145 25.0401859 8.672033 19.2510853 0.550513744 86.52848 0.0591069348 90.99956 290.215973 77.48936 1144.49634 215.4289 710.3501 1503.581 1398.7731296 0].';
F = [
0 0 1.684615e-08 1.684615e-08 1.684615e-08 0 0 0 0 0 0 1.684615e-07 0 0 7.243846e-08 7.243846e-08 7.243846e-08 0 0 0 0 0 3.369231e-08 0 1.684615e-07 2.695385e-07 0 3.369231e-08 0 7.412307e-07 0 0 0 0 0 0 0 0 0 2.021538e-06 1.684615e-09 2.021538e-06 8.423077e-07 1.684615e-06 5.053846e-06 3.369231e-06 0 1.684615e-07 0 0
0 0 0 0 0 0 0 0 0 0.0005917988 0 0 0 0 0 0 0 0 0.01183598 0 0 0.123686 0.123686 0.123686 0.123686 0 0.04734391 0.01775397 0.005917988 0.6018594 0.4249115 1.209637 0.4426655 0 0.4485835 0.2420457 0 0.4426655 0 0 0 0 0 0 0 0 0.8498231 0.6782015 0 0
0 0 0 0 0 0 0 0 1.4982e-06 1.363227e-06 0 1.04979e-07 0 1.4997e-08 1.04979e-07 4.4991e-07 4.4991e-07 5.9988e-08 0 8.9982e-08 7.4985e-08 0 6.14877e-07 0 3.89922e-07 4.4991e-08 2.24955e-07 5.9988e-08 2.9994e-08 1.79964e-07 6.756149e-06 2.9994e-08 1.123275e-06 7.4985e-08 6.448711e-07 1.4997e-07 4.4991e-07 0 1.4997e-08 0 0 0 0 0 0 0 0 0 0 0
0 0 0 0 0 0 0.001028685 0 0.0617211 0.01028685 0.2160238 0.01028685 0.01028685 0.001028685 0.001028685 1.47822 0.00205737 0 0 0.0617211 0 0 0 0.1337291 0.1234422 0.2674581 0 0.0205737 0 0.5441744 2.967756 2.269279 0.205737 0 0 0.01028685 0.1543027 0.01028685 0.01028685 0.003086055 0 1.407241 0 0 0 0 0.3075768 0 0 0
0 0 0 0 0 0 0 0 0.03206559 0.001336066 0 0 0.001336066 0.0001336066 0.04662871 0.1746239 0.04662871 0 0 0.270687 0 0 0 0.02939346 0.08804677 0 0 0 0 0.01336066 0 0.1639353 0.1587247 0.01870493 0.06533365 0 0.1119624 0.1119624 0.001336066 0 0 0 0 0 0 0 0 0 0 0
0 0 0 0 0 0 0 0 0 0 0 0 0 0 0 0 0 0 0 0 0 0 0 0 0 0 0 0 0 0 0 0 0 0 0 0 0 0 0 0 0 0 0 0 0.02232157 0.002480175 0 0 0 0
0 0 0 0 0 0 0 0 0 0.01178718 0 0 0 0 0 0 0 0 0 0 0.0007366991 0 0.007514331 0 0.007514331 0.007514331 0.007514331 0.007514331 0.0007366991 1.043313 0.1174298 0.1410042 0.02269033 0.0007366991 0.01252388 0.03521422 0.01252388 0.02269033 0 0 0 0.01414462 0 0 0 0 0 0 0 0
0 0 0 0 0 0 0 0 0 0 0 0 0 0 0 0 0 0 0 0 0 0 0 0 0 0 0 0 0 0 0 0 0 0 0 0 0 0 0 0 0 0 0 0 0 0 0.3060116 0.01378315 0 0
0 0 0 0 0 0 0 0 0 0.00891031 0 0.3831433 0 0.0008910309 0.01782062 0.001782062 0 0.004455155 0 0.1871165 0 0 0.001782062 0 0.5533302 0.3207711 0.00891031 0.00891031 0 0.4455155 2.354104 0.4811567 0.1069237 0 0 0.03564124 0.02673093 0.05346186 0.00891031 1.105769 0.0008910309 0.8206395 0.0980134 0.1336546 0.4366052 0.2673093 1.034487 0 0 0
0 0 0 0 0 0 0 0 0 0.002226273 0 0.001113137 0 0.0002226273 0 0 0 0 0 0.0004452546 0 0 0.0004452546 0 0.01758756 0.06589768 0 0 0 0.2531273 0.1084195 0.1130947 0.05587945 0 0 0.001781018 0 0.006678819 0 0.08281736 0 0.2760579 0.0006678819 0.05966412 0.01647442 0.4877764 0.6752286 0.0006678819 0 0
0 0 0 0 0 0 0 0 0 0.0004670293 0 0.005604351 0 0.0004670293 0.0004670293 0.0004670293 0 0 0 0 0 0 0 0 0.02755473 0.03082393 0 0 0 0.2493936 1.062959 0.003736234 0 0 0 0 0 0.003736234 0 0.3063712 0 0.01821414 1.875122 0.1041475 0.3773596 0.4731006 0.1298341 0 0 0
0 0 0 0 0 0 0 0 0 0 0 0.03902017 0 0 0.4398637 0 0 0 0 0.04611474 0 0 0 0 0.3157086 0.8158763 0 0 0 0.03902017 5.026507 0.2057427 0 0 0 0 0 0.007094576 0 1.383442 0 0.7059103 6.211301 6.143903 1.206078 7.765013 5.125831 0.007094576 0 0
0 0 0 0 0 0 0 0 0 0.001108416 0 0.001440941 0 0.0001108416 0 0.003325249 0 0.001440941 0 0.3564667 0 0 0 0 0.09676475 0.02194664 0 0 0 0.5321507 0 0.03713195 0 0.0005542082 0 0.01241426 0.0008867331 0.01740214 0 0 0 0.01851055 0 0 0 0.002660199 0.004322824 0 0 0
0 0 0 0 0 0 0 0 0 0.004403658 0 0 0 5.061675e-05 0 0 0 0 0 0 0 0 0 0 0.000202467 0.003644406 0 0 0 0.4242696 0.0001012335 0.02535899 0 0 0 0.004302425 0 0.01584305 0 0 0 0.01128754 5.061675e-05 0 0 0.001771587 0.01483071 0 0 0
0 0 0 0 0 0 0 0 0 0 0 0 0 0 0 0 0 0 0 0 0 0 0 0 0 0 0 0 0 0.3102254 0.3180991 0 0 0 0 0 0 0 0 0 0 0 0.5779326 3.183353 0.2346375 2.914859 0.3354213 0 0 0
0 0 0 0 0 0 0 0 0 0 0 0 0 0 0 0 0 0 0 0 0 0 0 0 0 0.1614933 0 0 0 0 0 0 0 0 0 0 0 0 0 0.01794371 0 0.3768178 0.1076622 11.84285 0.1973808 5.221618 0.01794371 0 0 0
0 0 0 0 0 0 0 0 0 0 0 0 0 0 0 0 0 0 0 0 0 0 0 0 0 0.0223679 0 0 0 0 0 0 0 0 0 0 0 0 0 0.0005670736 0 0 0.03222868 0.04152239 0.0177368 0.200618 0 0 0 0
0 0 0 0 0 0 0 0 0 0.008518443 0 0.0008351414 0 0.0008351414 0 0.004259222 0 0 0 0.1161682 0 0 0.03582757 0 0.09562369 0.02388504 0 0 0.0008351414 0.1067311 0.1067311 0.0008351414 0 0 0 0.006848159 0.05035903 0.0008351414 0 0.1843992 8.351414e-05 0.01194252 0.002588938 0.04785361 0.0008351414 0.02563884 0.001670283 0.0008351414 0 0
0 0 0 0 0 0 0 0 0 0.003467318 0 0 0 0.0004334148 0 0 0 0 0 0.009188394 0 0 0.002167074 0 0.006067807 0.001733659 0 0 0 0.02617825 0.008668296 0.0001733659 0.01213561 0 0.003467318 0.008668296 0.004334148 0.01733659 0 0 0 0.03033904 0 0.004334148 0 0.004334148 0.03033904 0 0 0
0 0 0 0 0 0 0 0 0 0.03517203 0 0 0 0 0 0 0 0 0 0.2462042 0 0 0 0 0.03517203 0 0 0 0 0.2462042 0.1406881 0 0 0 0 8.202118 0 0.4220644 0 0 0 1.231021 0 0 0 0 18.94014 5.669732 0 0
0 0 0 0 0 0 0 0 0 0 0 0 0 0 0 0 0 0 0 0 0 0 0 0 0 0 0 0 0 0.004946037 0.0004946037 0.0004946037 0.0004946037 0 0 0 0 0 0 0 0 0 0 0 0 0.002967622 0.0004946037 0 0 0
0 0 0 0 0 0 0 0 0 0.01534026 0 0.1042843 0 0.0001475025 0.0175528 0.0059001 0 0.0059001 0 0.03584311 0 0 0.2010459 0 0.2275964 0.1578277 0 0 0 0.1877707 0.2705196 0 0 0 0.03289306 0.05737847 0.0118002 0 0 0.01652028 0.001475025 0.03304056 0.00472008 0.005015085 0 0.01607777 0.06254106 0.003982568 0 0
0 0 0 0 0 0 0 0 0 0.03348893 0 1.071646 0 0.003348893 0.2009336 0.06697786 0 0.06697786 0 0.4353561 0 0 2.414552 0 2.715952 1.878729 0 0 0 0.3348893 3.218286 0 0 0 0.4018671 0.6697786 1.507002 0 0 2.14664 0 4.289932 0.6362896 0.6362896 0 2.079662 8.144507 0.5358229 0 0
0 0 0 0 0 0 0 0 0 0.004613668 0 0.002713922 0 0 0 0 0 0.0008141767 0 0.05020756 0 0 0.0008141767 0 0.001085569 0.003528099 0 0 0 0.08304602 0.03256707 0 0.0002713922 0 0.02171138 0.147366 0.0002713922 0.0103129 0 0.2374682 0.0002713922 0.2127715 0.8654698 0.2369254 0.07354729 0.5061465 0.2019158 0.01981163 0 0
0 0 0 0 0 0 0 0 0 0.03845229 0 0.02136238 0 0 0 0 0 0.008544953 0 0.3973403 0 0 0.008544953 0 0.008544953 0.02990734 0 0 0 0.6579614 0.2606211 0 0 0 0.1708991 1.170659 0.004272476 0.1751715 0 4.011856 0 3.597425 14.62042 4.003311 1.243291 8.553499 3.413709 0.3332532 0 0
