food_web_filename = 'Grand_Banks_of_Newfoundland_107';
crc = 'crc_49cd740d';
n = 50;
l = 49;
b0 = [1e-06 0.251 1e-06 0.184 0.034 0.000168 0.009989 0.002169 2.04 0.3774 0.97 0.78 0.35 0.3624 0.214531362 0.550311267 0.0480717868 0.52 0.0207403712 2.0105 0.372547 0.2315558 0.6312813 0.393886238 1.35888672 0.99319154 0.108867586 0.08283716 0.0141710341 13.289 2.934 2.729 0.923843741 0.0123785846 0.9579524 1.28842509 0.45326817 1.66801023 0.174434 3.37 0.004479 1.14790618 112.3 10.5 42.1 7.8 27.48004 41.7547035 26.86 389].';
p = [0 0 0 0 0 0 0 0 0 0 0 0 0 0 0 0 0 0 0 0 0 0 0 0 0 0 0 0 0 0 0 0 0 0 0 0 0 0 0 0 0 0 0 0 0 0 0 0 3000.7992 0].';
q = [0 0 0 0.00302999979 0.000179 1.4e-05 0.00081 0.000176 0.6032199 0 0.102088995 0.025 0.035083998 0.002 0.051853 0.0248820018 0.002626 0.037062 0.000249999983 0.17769 0.018286 0.0215889979 0 0.0307099987 0 8.9e-05 0 2e-05 0.003548 0.125984 8.3e-05 0 0.018182 0.000715 0.001675 0 0.001162 0 0.0143450005 0 0.001416 0.003093 0 0 0.000244 0 0 0 0 513.648247673427].';
r = [1.34169613e-05 2.34313488 9.32e-06 2.54427838 0.352614015 0.0073164 0.435020953 0.09445995 2.9172 1.23485279 1.0282 1.8398639 0.3094 0.6707299 0.5033616 0.691038132 0.050354708 1.046448 0.0280173384 2.553335 0.468167335 0.30102253 1.66405749 0.443461537 3.58202529 3.01532936 0.0972508639 0.07239893 0.037699163 52.757328 14.6218824 4.65676546 2.52766514 0.0280251168 1.08593476 3.104413 1.1784972 3.61402178 0.139547214 2.76339984 0.0141357239 6.92600632 531.583252 165.6648 189.298431 58.5 334.34964 584.5658 500.1332 0].';
F = [
0 0 1.684788e-08 1.684788e-08 1.684788e-08 0 0 0 0 0 0 1.684788e-07 0 0 7.24459e-08 7.24459e-08 7.24459e-08 0 0 0 0 0 3.369577e-08 0 1.684788e-07 2.695662e-07 0 3.369577e-08 0 7.413069e-07 0 0 0 0 0 0 0 0 0 2.021746e-06 1.68462e-09 2.021746e-06 8.423942e-07 1.684788e-06 5.054365e-06 3.369577e-06 0 1.684788e-07 0 0
0 0 0 0 0 0 0 0 0 0.02960294 0 0 0 0 0 0 0 0 0.003552353 0 0 0.04440441 0.04440441 0.04440441 0.04440441 0 0.01776177 0.005920589 0.002960294 1.445808 0.1536393 0 0.1595599 0 0.1625202 0.08880882 0 0.1595599 0 0 0 0 0 0 0 0 0.3075746 0.2454084 0 0
0 0 0 0 0 0 0 0 1.178702e-06 1.072513e-06 0 8.259174e-08 0 1.179882e-08 8.259174e-08 3.539646e-07 3.539646e-07 4.719528e-08 0 7.079292e-08 5.89941e-08 0 4.837516e-07 0 3.067693e-07 3.539646e-08 1.769823e-07 4.719528e-08 2.359764e-08 1.415858e-07 5.314189e-06 2.359764e-08 8.837316e-07 5.89941e-08 5.073493e-07 1.179882e-07 3.539646e-07 0 1.179882e-08 0 0 0 0 0 0 0 0 0 0 0
0 0 0 0 0 0 0.0003203488 0 0.01025116 0.01922093 0.03459767 0.123975 0.0249872 0.05413894 0 0.2325732 0.0003203488 0 0 0.009610463 0 0 0 0.02082267 0.01922093 0.04132499 0 0.003523836 0 1.454704 0.4673888 0.3565482 0.03267558 0 0 0.001281395 0.02402616 0.001281395 0.0003203488 0.0006406975 0 0.2210406 0 0 0 0 0.04901336 0 0 0
0 0 0 0 0 0 0 0 0.006279512 0.01888307 0 0 0.04106177 0.1230962 0.009263394 0.03447051 0.009263394 0 0 0.05317544 0 0 0 0.005745086 0.01719072 0 0 0 0 0.002672133 0 0.03224374 0.03113035 0.003562844 0.01291531 0 0.02200056 0.02200056 0.0004453555 0 0 0 0 0 0 0 0 0 0 0
0 0 0 0 0 0 0 0 0 0 0 0 0 0 0 0 0 0 0 0 0 0 0 0 0 0 0 0 0 0 0 0 0 0 0 0 0 0 0 0 0 0 0 0 0.0082782 0.0009198 0 0 0 0
0 0 0 0 0 0 0 0 0 0.003117317 0 0 0 0 0 0 0 0 0 0 0.0002187591 0 0.001968832 0 0.001968832 0.001968832 0.001968832 0.001968832 0.0002187591 0.4336352 0.03095441 0.03718904 0.005961185 0.0002187591 0.003281386 0.009297261 0.003281386 0.005961185 0 0 0 0.003718904 0 0 0 0 0 0 0 0
0 0 0 0 0 0 0 0 0 0 0 0 0 0 0 0 0 0 0 0 0 0 0 0 0 0 0 0 0 0 0 0 0 0 0 0 0 0 0 0 0 0 0 0 0 0 0.1136345 0.005118244 0 0
0 0 0 0 0 0 0 0 0 0.093787 0 0.09060779 0 0.0302026 0.004768831 0.0005298701 0 0.00105974 0 0.04556883 0 0 0.0005298701 0 0.1308779 0.07683117 0.00158961 0.00158961 0 3.166503 0.5553039 0.1155117 0.02649351 0 0 0.008477921 0.006358442 0.01377662 0.005298701 0.2628156 0 0.1960519 0.02278442 0.03126234 0.1049143 0.06358441 0.2469195 0 0 0
0 0 0 0 0 0 0 0 0 0.01493938 0 0.0006895098 0 0.005286242 0 0 0 0 0 0.0002298366 0 0 0.0002298366 0 0.01149183 0.04320928 0 0 0 0.9876079 0.07101951 0.07400739 0.03654402 0 0 0.001149183 0 0.004366895 0 0.05424144 0 0.1808814 0.0004596732 0.03907222 0.01080232 0.3194729 0.4422056 0.0004596732 0 0
0 0 0 0 0 0 0 0 0 0.0001940194 0 0.001746175 0 0.001940194 0.0001940194 0.0001940194 0 0 0 0 0 0 0 0 0.008536854 0.009506951 0 0 0 0.5768197 0.3273107 0.001164116 0 0 0 0 0 0.001164116 0 0.09429342 0 0.005626562 0.5774017 0.0320132 0.1162176 0.1457086 0.039968 0 0 0
0 0 0 0 0 0 0 0 0 0.01252929 0 0.06089818 0 0.005536198 0.02301893 0 0 0 0 0.002331031 0 0 0 0 0.01660859 0.04283269 0 0 0 0.9781589 0.2636979 0.01078102 0 0 0 0 0 0.0002913789 0 0.07255334 0 0.03700511 0.3257616 0.322265 0.06322921 0.4073476 0.2689427 0.0002913789 0 0
0 0 0 0 0 0 0 0 0 0.0395752 0 0.000518 0 0.065786 0 0.0012432 0 0.000518 0 0.132867 0 0 0 0 0.0360528 0.0081844 0 0 0 0.1983422 0 0.0138306 0 0.0002072 0 0.0046102 0.0003108 0.006475 0 0 0 0.0068894 0 0 0 0.0009842 0.0016058 0 0 0
0 0 0 0 0 0 0 0 0 0.01072187 0 0 0 0.006778196 0 0 0 0 0 0 0 0 0 0 0.0004929597 0.008873275 0 0 0 1.027575 0.0002464798 0.06137349 0 0 0 0.01047539 0 0.03832762 0 0 0 0.02735926 0.0001232399 0 0 0.004313398 0.03586282 0 0 0
0 0 0 0 0 0 0 0 0 0 0 0 0 0 0 0 0 0 0 0 0 0 0 0 0 0 0 0 0 0.03042609 0.03119832 0 0 0 0 0 0 0 0 0 0 0 0.0566821 0.3122149 0.02301262 0.2858817 0.03289724 0 0 0
0 0 0 0 0 0 0 0 0 0 0 0 0 0 0 0 0 0 0 0 0 0 0 0 0 0.01141365 0 0 0 0 0 0 0 0 0 0 0 0 0 0.001268183 0 0.02663184 0.007609098 0.8370008 0.01395001 0.3690412 0.001268183 0 0 0
0 0 0 0 0 0 0 0 0 0 0 0 0 0 0 0 0 0 0 0 0 0 0 0 0 0.005610228 0 0 0 0 0 0 0 0 0 0 0 0 0 0.0001422311 0 0 0.00808347 0.01041448 0.004448674 0.05031031 0 0 0 0
0 0 0 0 0 0 0 0 0 0.05148166 0 0.00224484 0 0.001197248 0 0.006884175 0 0 0 0.07482799 0 0 0.06240655 0 0.1676147 0.04160436 0 0 0.00149656 0.1872196 0.1872196 0.001197248 0 0 0 0.01152351 0.08844668 0.001197248 0 0.224484 0.000149656 0.02035321 0.07482799 0.083957 0.05387615 0.1469622 0.003442088 0.001945528 0 0
0 0 0 0 0 0 0 0 0 0.0008004954 0 0 0 0.0001000619 0 0 0 0 0 0.002121313 0 0 0.0005003096 0 0.001400867 0.0004002477 0 0 0 0.00604374 0.002001238 4.002477e-05 0.002801734 0 0.0008004954 0.002001238 0.001000619 0.004002477 0 0 0 0.007004334 0 0.001000619 0 0.001000619 0.007004334 0 0 0
0 0 0 0 0 0 0 0 0 0.008042 0 0 0 0 0 0 0 0 0 0.028147 0 0 0 0 0.004021 0 0 0 0 0.028147 0.016084 0 0 0 0 0.936893 0 0.048252 0 0 0 0.140735 0 0 0 0 2.163298 0.647381 0 0
0 0 0 0 0 0 0 0 0 0 0 0 0 0 0 0 0 0 0 0 0 0 0 0 0 0 0 0 0 0.3601287 0.03601287 0.03601287 0.03601287 0 0 0 0 0 0 0 0 0 0 0 0 0.2160772 0.03601287 0 0 0
0 0 0 0 0 0 0 0 0 0.02489052 0 0.03122881 0 0.0008790331 0.005274198 0.001758066 0 0.001758066 0 0.01073346 0 0 0.0602369 0 0.06819446 0.04728273 0 0 0 0.05625812 0.0810561 0 0 0 0.009854423 0.01721054 0.003516132 0 0 0.004955294 4.631116e-05 0.009900688 0.001852446 0.001480477 0 0.004811549 0.01873728 0.001202887 0 0
0 0 0 0 0 0 0 0 0 0.06842406 0 0.08584568 0 0.002524873 0.01439178 0.004797259 0 0.004797259 0 0.02954101 0 0 0.1656317 0 0.1875981 0.130031 0 0 0 0.1547747 0.2226938 0 0 0 0.02701614 0.04746761 0.1047822 0 0 0.148715 0 0.2961676 0.04342782 0.04418528 0 0.1436653 0.5620367 0.03661066 0 0
0 0 0 0 0 0 0 0 0 0.00116992 0 0.000688188 0 0 0 0 0 0.0002064564 0 0.01273148 0 0 0.0002064564 0 0.0002752752 0.0008946444 0 0 0 0.02105855 0.008258256 0 6.88188e-05 0 0.005505504 0.03736861 6.88188e-05 0.002615115 0 0.06021645 6.88188e-05 0.05395394 0.2194631 0.06007882 0.0186499 0.1283471 0.05120119 0.005023772 0 0
0 0 0 0 0 0 0 0 0 0.004891992 0 0.002717773 0 0 0 0 0 0.001087109 0 0.05055059 0 0 0.001087109 0 0.001087109 0.003804883 0 0 0 0.08370742 0.03315684 0 0 0 0.02174219 0.148934 0.0005435547 0.02228574 0 0.2717773 0 0.457673 1.860588 0.5093107 0.3957078 1.088196 0.4343002 0.04239727 0 0
