food_web_filename = 'Greenland_West_Coast_168';
crc = 'crc_c60fb160';
n = 22;
l = 21;
b0 = [0.458 0.049 0.509 0.008 0.047 0.01 0.466738 0.8409338 0.0363999978 0.17211999 2.51285863 0.034 0.05400207 3.636 1.77102673 1.7196399 85 0.3760252 25 15 20 75.0337333569075].';
p = [0.4195932192 0.1127 2.2904473185 0 0 0 0 0 0 0 0 0 0 0 0 0 0 0 0 0 1200 0].';
q = [0.00700456028928726 0.00298782197238163 0.0418837210970901 0.00165168124657867 0.00351596684339693 0 0.0691926712061902 0.0238598744017932 0.00694019269877342 0.0241044943598725 0.0141151136736769 0.00233289175642343 0.00143590183430799 0.0040242236246643 0.0278609504291097 0.268094917327505 0.0119855239892944 0.000885939201742239 0 0 0 149.7112808418].';
r = [1.42731809009457 0.383486026086531 5.97190414850191 0.611469208780456 0.0756702359023338 0.0222124864032298 0.428059188680582 1.5304703560595 0.0318636606630974 0.354103960204049 7.47998821914017 0.0196265203783355 0.0434486230655039 3.19840429228753 1.60452523147222 6.19534817147709 478.378746037041 0.872208133854167 196.761764621748 147.208964704787 200.000001333333 0].';
F = [
0 0 0 0 0 0 0 0 0 0 0 0 0 0.358158712585327 0.0633575999389495 0 0 0 0.83638694020266 0.123535800394061 0 0
0 0 0.00481893071859247 0 0 0 0.0242915382549898 0.0244995321876912 0.00947928758856857 0.00491868379139062 0.0243095937319319 0 0 0.141281420569235 0.0266359870252222 0.00905294013244207 0.0218866092958123 0.0577921044857872 0.0216929845495478 0 0 0
0 0 0 0 0 0 0 0.38174381069945 0.014770326065492 0.0383206724064396 1.86361909799241 0 0 1.49251139223428 0.325109525974544 0.141060049458568 0 0.225124523587461 0.751140299203817 0 0 0
0 0 0 0 0 0 0 0 0 0 0.0413602534749605 0 0 0.244449893295708 0 0 0.0372377966561058 0.0409696976144132 0.410092935823176 0 0 0
0 0 0 0 0 0.00121134885907388 0 0 0.00116049791393353 0.00589875462452463 0.001166025042891 0 0.000965295653623872 0.0275660332329448 0.0159777598945511 0.0217218462584378 0.012498629637636 0.00462005612430316 0.0161858293576379 0.00230768207947067 0 0
0 0 0 0 0 0.000353426808829833 0 0 0 0.00175726804375957 0 0 0 0.0068394731539665 0.00586824496843106 0.00323213334094034 0.00640754875070978 0 0.00688899338867196 0.00171801988766298 0 0
0 0 0 0 0 0 0 0.0041994568124449 0.00427589963451512 0.0168622016592548 0.129173937824782 0 0.00337883529580694 0.164183085087173 0.15979834602384 0.116382104165292 0.112547287649108 0.0825510479918126 0 0 0 0
0 0 0 0 0 0 0 0.142955970292265 0 0.143503804189444 0.141847670099801 0 0 0.558904608309985 0.129518574093287 0.528243675575001 0.255418963809609 0.140508233461774 0.703220348762543 0 0 0
0 0 0 0 0 0 0 0.000909982524116153 0 0.00274040954091763 0 0 0 0.00711538389307526 0 0.0168126031031067 0.00406465601207943 0.000894401518756052 0.0465538335095057 0.00893067621069729 0 0
0 0 0 0 0 0 0 0.0258175070212984 0 0.0259164445155353 0 0 0 0 0 0.0238498784019785 0 0.0676678807407911 0.516466182632104 0.185809118036578 0 0
0 0 0 0 0 0 0 0 0 0 0 0 0 0 0 0 0 0 7.4165175824758 4.93220397646164 0 0
0 0 0 0 0 0 0 0 0 0.00221842677121903 0 0 0 0 0 0.00408306075361163 0.0197426149158144 0 0.00217421749907032 0 0 0.0116480477360571
0 0 0 0 0 0 0 0 0 0 0 0 0 0 0 0.00997708827916619 0.0627142386753074 0 0 0 0 0.0237186490469615
0 0 0 0 0 0 0 0 0 0 0 0 0 0.444222799368503 0 0 0.487222722854532 0.178683751624424 5.36569332123508 2.40863308049972 0 0
0 0 0 0 0 0 0 0 0 0.0355555891415235 0.0351452528191716 0 0.0284984123154978 0.0346195973415095 0.160452558480674 0.163602055142229 2.0567472086969 0.0348133838554755 0.348470299331879 0 0 0.311146322983742
0 0 0 0 0 0 0 0 0 0 0 0 0 0 0 0 1.84344924780983 0 1.01507820274243 2.53146424064939 0.51589200343928 3.62542059888384
0 0 0 0 0 0 0 0 0 0 0 0 0 0 0 0 51.8243641540128 0 32.6132624860548 56.9330670995763 16.5750001105 582.402386802855
0 0 0 0 0 0 0 0 0 0 0 0 0 0.198462131163591 0 0 0 0.0221747813482505 1.664715699097 0.332125701997324 0 0
0 0 0 0 0 0 0 0 0 0 0 0 0 0 0 0 0 0 18.4464154332889 184.011205880983 150.000001 16.4706557353749
0 0 0 0 0 0 0 0 0 0 0 0 0 0 0 0 0 0 0 14.7208964704787 622.50000415 98.8239344122491
0 0 0 0 0 0 0 0 0 0 0 0 0 0 0 0 0 0 0 0 0 0
0.366709621938033 0.0968857642732471 1.5052402158043 0.160989686837536 0.0320935559341719 0.00928784627265172 0.271808804003592 0.609665358595714 0.019532081748988 0.189626302101313 2.61799639513836 0.0179069555431849 0.0186829078377094 2.00371262943584 0.689945901808444 2.02984377011035 205.213047413197 0.488584378197935 101.985557838745 322.643972580689 210.409101402727 74.8556429304377
];

