food_web_filename = 'Guinea_646';
crc = 'crc_a61d6004';
n = 44;
l = 43;
b0 = [0.0309011377 0.0618033148 0.149811372 4e-04 0.02488941 0.05 0.0533118881 0.0661986843 0.005890911 0.03025945 0.06 1.1 0.5060456 0.0432176553 0.36 0.18 0.012 0.12 0.0317228474 0.15 0.052946493 0.322860152 0.045 0.16 0.05119352 0.05260439 0.5 0.055 0.0235138442 0.101357728 0.2083389 0.08282128 0.5792858 0.040398825 0.411329865 1.1422658 3.36 0.5892204 2.69018555 59.34608 2.597952 14.9455881 49 290].';
p = [0 0 0 0.004385841664 0 0 0 0 0 0 0 0 0 0 0 0 0 0 0 0 0 0 0 0 0 0 0.0174 0 0 0 0 0 0 0 0 0 0 0 0 0 0 0 4939.2 0].';
q = [0 0 0 0 0 0.009999693 0.005621521 0.0124656232 6.19128e-05 0.002621422 0.0198441483 0.0463841632 0.248826936 0 0.09572245 0.100516438 0.004137971 0.0167031847 0 0.03797333 0.006258938 0.013702116 0.0136735281 0.06601909 0 0.00322339265 0.002413785 0.003902228 0.005764287 0.0275509749 0.0346108563 0.007317936 0.005621521 0 0 0 0 0.053921137 0.0174720585 0.005621521 0 0 0 1670.3874226516].';
r = [0.114385933 0.594708 0.397000134 0.0272915121 0.08895475 0.156199992 0.318378568 0.38474673 0.0173192788 0.119222224 0.400679976 8.0982 4.816542 0.227843463 2.2788 1.03068 0.041712 0.573359966 0.279985845 0.8739 0.399004757 3.00582814 0.27171 1.04831994 0.393371046 0.420309067 3.84000015 0.29007 0.09842896 0.699571 1.7554636 0.6380551 3.6958437 0.159090579 1.77036369 3.87228084 16.3967972 3.24071217 28.2469482 1080.09863 77.93856 1195.647 823.2 0].';
F = [
0 0 0 0 0 0 0 0 0 0 0.004739174 0.004739174 0 0 0.004739174 0 0 0 0 0 0 0 0 0 0 0 0 0 0 0 0 0 0.00315945 0 0.00315945 0.00315945 0.006318899 0.005457231 0 0 0.108283 0 0 0
0 0 0 0 0 0 0 0 0 0.004492757 0.007487928 0.009734307 0.004492757 0 0.008236721 0.003743964 0 0.001497586 0 0 0 0.003743964 0.002246378 0.002995171 0.007487928 0.002995171 0.01198069 0 0 0 0 0.008985514 0.01198069 0 0 0.01946861 0.09734307 0.5039376 0 0.03594206 0 0 0 0
0 0 0 0 0 0 0 0 0 0 0 0 0 0 0 0 0 0 0 0 0 0 0 0 0 0 0 0 0 0 0 0 0 0 0 0 0 0 0 0 0.05243398 0 0.4719058 0
0 0 0 0 0 0 0 0 0 0 0.0004111727 0.002741151 0.001336311 0.0002398507 0.003426439 0 0 0 0 0 0 0.002364243 0 0.001370576 0.00109646 0 0.002055863 0 0 0 0 0 0 0 0 0 0 0.001507633 0.002706887 0.009456971 0.001164989 0 0 0
0.0001202659 0.0006013295 0 0 0.002405318 0 0.001202659 0.0004810637 0.002558156 0.001607304 0.01166579 0.006155037 0 0.009591206 0.006447785 0.001202659 0 0 0 0 0 0 0 0.005079087 0 0 0 0.002261429 1.503324e-05 0.001539833 0.00149706 0.0004134141 0.003292981 0.001753327 0.001679964 0.006720337 0.001819022 0.01960334 0.02503034 0.001653656 0.002736049 0 0.0005261633 0.0005562298
0.0002155784 0.001077892 0.0002155784 4.311569e-05 0.001203646 0.001293471 0.004347499 0.004311569 0.0001486592 0.003233676 0.006467353 0.02586941 0.002371363 0 0.008007168 0.01293471 0.002155784 0.002155784 0.0004046586 0.003233676 0.0002946239 0.002155784 0.0002946239 0.006637565 0.003532268 0.0005012199 0.004411557 0.002155784 0.00064943 0.002371363 0.002063185 0.003905263 0.009916608 0.0002164768 0 0.0007292883 0.003233676 0.03627107 0.0001077892 0.03785198 0.001544979 0 0 0.01796487
0 0 0 0 0 0 0 0 0 0 0 0.03338469 0 0 0.002273 0 0 0 0 0 0 0 0.007308326 0 0 0 0.007308326 0.00511425 0.004140107 0.01144843 0.02281343 0.02281343 0.02281343 0.01144843 0.03281644 0.04282395 0.05639881 0.09333506 0.02628156 0.0005682498 0.02287206 0 0 0
0 0 0 0 0 0 0 0 0 0 0 0.08837576 0.01058246 0.01018562 0.04338809 0.00529123 0.0005291231 0.00529123 0.001865159 0.002693237 0.002693237 0.02645615 0.00529123 0.04232984 0.02116492 0.002693237 0.02246656 0.00529123 0.00529123 0.004317644 0.005820354 0.01587369 0.02804352 0.01018562 0 0 0.04070177 0.02035088 0.04070177 0.04070177 0.02035088 0 0 0
0 0 0 0 0 0 2.381782e-05 0 0 0 0 0.002286512 0 0.001451697 0.006405091 0.00142907 0 6.668992e-05 0 0 0 0 0 0.0008288605 0 0 0 1.786338e-06 0 0.001914954 0.001171837 0 0.00166308 0.0003215407 0.001529819 0.0001548159 0.001543396 0.005859186 5.144652e-05 0.0004954109 0.001086093 0.000285814 0 0
0 0 0 0 0 0 0 0 0 0 0 0.03755258 0.00549209 0 0.05185865 0 0 0 0 0 0 0 0 0.00629094 0 0 0.01826037 0 0 0 0.001464557 0.006477338 0.01196943 0 0 0 0 0.03867763 0.003594823 0.005458805 0.005392234 0.00715636 0 6.657072e-05
0 0 0 0 0 0 0 0.001939361 0 0.01140801 0.00286341 0.2509761 0.02224561 0 0.01140801 0 0 0.01711201 0.004563203 0.009126407 0.005818084 0.04563203 0.001283401 0.01426001 0.005704003 0.001711201 0.05133604 0.001825281 0 0.006531084 0.02988898 0.005048043 0.002852002 0 0 0 0 0.04962483 0.011967 0.002737922 0.0007985604 0.0006844805 0 0.001254881
0 0 0 0 0 0 0 0 0 0 0 0.5059208 0 0 0 0 0 0 0 0 0 0 0 0 0 0 0 0 0 0 0 0 0 0 0 0 0.0344344 0 0.9424809 1.143544 2.195959 3.084328 2.820972 2.51636
0 0 0 0 0 0 0 0 0 0 0 0 0 0 0 0 0 0 0 0 0 0 0 0 0 0 0 0 0 0 0 0 0 0 0 0 0 0 0 0.6836676 0 2.73467 3.418338 0
0 0 0 0 0 0 0 0 0 0 0 0.02265902 0 0.008092506 0.09549157 0 0.003237002 0 0 0 0 0 0 0 0 0 0 0 0 0 0.01294801 0 0 0 0.01618501 0.01618501 0.008092506 0 0.1213876 0 0 0.01942201 0 0
0 0 0 0 0 0 0 0 0 0 0 0.07378361 0 0 0.02459454 0 0 0 0 0 0 0 0 0 0 0 0 0 0 0 0 0 0 0 0 0 0.368918 0 0 0.1045268 0.8198178 1.851968 0.3726072 0.07378361
0 0 0 0 0 0 0 0 0 0 0 0.1731897 0.0203238 0 0 0.01505998 0 0.005937934 0.003074148 0.03011995 0.005383343 0.03162595 0.007529988 0.01247588 0.00804394 0.004149861 0.01247588 0 0 0 0 0 0 0 0 0 0 0.02258996 1.068541 0.05378564 0.02689282 0 0 0.005400076
0 0 0 0 0 0 0 0 0 0 0 0 0.004774286 0 0 0 0 0 0.004774286 0.004774286 0.004774286 0.004774286 0 0 0 0.004774286 0.004774286 0 0 0 0 0 0 0 0 0 0 0 0.03342 0 0 0 0 0
0 0 0.01102028 0 0 0.003935813 0 0 0 0 0 0.1062669 0.007168801 0 0 0.02361487 0.001574325 0 0.005510138 0.0314865 0.01023311 0.01967906 0.0035844 0.02361487 0 0.0035844 0.07871625 0 0 0 0 0 0.01731758 0 0 0 0 0.07399327 0.2370015 0.1251588 0.001771116 0.001967906 0 0
0 0 0 0 0 0 0 0 0 0 0 0.02091946 0.02091946 0 0 0 0 0 0 0 0 0.02635851 0.007531004 0 0.02259301 0.01882751 0.03974697 0 0 0 0 0 0 0 0 0 0 0 0.1255167 0.03137918 0 0 0 0.06275837
0 0 0 0 0 0 0 0 0 0 0 0 0.05200867 0 0 0 0 0 0 0 0 0.03994266 0 0.01872312 0.01248208 0.02600433 0.05866578 0 0 0 0 0 0 0 0 0 0 0 0.624104 0.4160693 0 0 0 0
0 0 0 0 0 0 0 0 0 0 0 0 0 0 0 0 0 0 0 0 0 0 0 0 0 0 0 0 0 0 0 0 0 0 0 0 0 0 0.1699456 0.1699456 0.09150919 0.03921823 0.03921823 0.03921823
0 0 0 0 0 0 0 0 0 0 0 0 0 0 0 0 0 0 0 0 0 0 0 0 0 0 0 0 0 0 0 0 0 0 0 0 0 0 0.00359435 0.05774112 0.4492937 0.4512861 2.042795 1.192471
0 0 0 0 0 0 0 0 0 0 0 0.0112625 0.0112625 0 0 0 0 0 0 0 0 0 0 0 0 0 0.0112625 0 0 0 0 0 0 0 0 0 0 0 0.3040875 0.067575 0 0 0 0
0 0 0 0 0 0 0 0 0 0 0 0 0 0 0 0 0 0 0 0 0 0 0 0 0 0 0 0 0 0 0 0 0 0 0 0 0 0 0.3092445 1.042949 0.09454044 0 0.1436661 0
0 0 0 0 0 0 0 0 0 0 0 0.05887966 0.05887966 0 0 0 0 0 0 0 0 0 0 0 0 0 0.05887966 0 0 0 0 0 0 0 0 0 0 0.07570242 0.176639 0.07570242 0 0.1009366 0 0
0 0 0 0 0 0 0 0 0 0 0 0.1025444 0.1025444 0 0 0 0 0 0 0 0 0 0 0 0 0 0.06152663 0 0 0 0 0 0.01845799 0 0 0 0 0 0.330398 0 0 0 0 0
0 0 0 0 0 0 0 0 0 0 0 0.04346367 0.04346367 0 0.04346367 0 0 0 0 0 0 0 0 0 0 0 0.04346367 0 0 0 0 0 0.04346367 0 0 0 0 0 0.5104567 1.987739 0.0796834 1.444443 1.489355 0.05360519
0 0 0 0 0 0 0 0 0 0 0 0.01788263 0.003466089 0 0.02216814 0 0 0 0 0 0 0 0 0 0 0 0.006565587 0.004030571 0 0.04157845 0.01612228 0.01209171 0.01320901 0 0.003466089 0.005233696 0.03194037 0.01084127 0.05595138 0.1458379 0.01064679 2.015285e-06 0.00211605 0
0 0 0 0 0 0 0 0 0 0 0 0 0 0 0 0 0 0 0 0 0 0 0 0 0 0 0 0 0 0 0 0 0 0 0 0 0 0 0.03597618 0.05396427 0 0.02878095 0 0.02518333
0 0 0 0 0 0 0 0 0 0 0 0.06020392 0 0 0.01042993 0 0 0 0 0 0 0 0 0.02228327 0 0 0.154369 0 0 0 0.02004091 0 0.12129 0 0 0.002699939 0 0.1276615 0.3116462 0.1646111 0 0 0.007192194 0
0 0 0 0 0 0 0 0 0 0 0 0 0 0 0 0 0 0 0 0 0 0 0 0 0 0 0 0 0 0 0 0 0 0 0 0 0 0 0.3727256 1.562464 0.1690224 0.1416136 0.1062251 0.03759653
