food_web_filename = 'Guinea_725';
crc = 'crc_8984b731';
n = 35;
l = 34;
b0 = [0.0309 0.04333928 0.02957043 0.00128 0.386 0.104637064 0.38446784 0.0582549535 0.06271144 2.33330846 1.52195764 0.9993559 0.509 0.259 0.197 0.054 0.068 0.479 0.462 0.415 0.094 0.284 0.4 0.772 0.853 0.849 0.340678722 0.5503875 3.44155049 0.700877249 100 4.31457567 25.7867966 69 290].';
p = [0.0065446585080435 0.0682171535343457 0 0.0140345344 0.1078908459882 0.00644807510657778 0.0684437330435443 0 0 1.633315922 0 0 0 0 0 0 0 0.03615275188314 0 0 0 0 0 0 0 0 0.26338553355264 0.0798593472402843 0 0.58172811667 0 0 0 6955.2 0].';
q = [0 0 0 0 0.0359990292998382 0.00999086361363304 0.0939855581897988 0.031004601628224 0.0340124820756257 0.114999900685098 0.945999990819247 0.196966586335193 0.259999326979354 0.133997030429683 0.0770195670332059 0.0270012570195393 0.0109998322632409 0.107945422528302 0.218001218918266 0.055999993142146 0.0379838121629413 0.103994835953351 0.0449983538524613 0.0179995049986271 0.0430097292810475 0.0269999987464088 0.00500138678466724 0.00399999980566679 0.0369999882614324 0.154999885696415 0 0 0 0 1676.72287077729].';
r = [0.114330099308783 0.417084449402614 0.0783616375180302 0.0873308712190489 0.980799553112308 0.300033973691258 1.70293079784694 0.375217544883391 0.412039931533527 11.4332001261902 15.1282576531831 14.7579820369633 0.929431594122036 0.48317970903045 0.339871921398032 0.147588870868802 0.0837747271167724 0.763619012715584 0.693188728851738 0.621752923859084 0.134362737656383 0.626018551946777 0.532780491109818 1.45379029071147 1.45469414585179 2.03590190547449 0.566024271615118 0.44801542923393 46.1167608690571 3.71464646065986 1819.99946060978 129.437294359444 2062.94354008969 1159.199973363 0].';
F = [
0 0 0 0 0 0 0 0 0 0.00490848976098609 0 0.00490766145800394 0 0 0 0 0 0 0 0 0 0 0 0 0 0.00327232884806805 0.00327323637401013 0.00327232884101945 0 0.0056522008318239 0 0.111854220186241 0 0 0
0 0 0 0 0 0 0.00472200041795187 0.00209930057312981 0.00209975958057163 0.00682171010871256 0.00314848396944455 0.00682055895161506 0.0105054128062384 0.0105052071892329 0.0015746420421492 0 0.00209895699294434 0 0 0.000525272035674297 0.00052452385985768 0.0015741638321238 0 0.0115441218215454 0.00525390977402013 0.0115559894634634 0 0.0136434293371571 0 0.326193759450686 0.0357184894141707 0 0 0 0
0 0 0 0 0 0 0 0 0 0 0 0 0 0 0 0 0 0 0 0 0 0 0 0 0 0 0 0 0 0 0 0.0103496518677933 0 0.0931468478595993 0
0 0 0 0 0 0 0.00109627954580945 0.000438644302529844 0.000548425263924348 0.0109644705309891 0.00756549092657833 0.0108529988833234 0 0 0 0 0 0 0 0.00219289573145428 0.000109598091785349 0.000986754200983094 0 0.00350853729788677 0.00329008843068468 0.00657868769455611 0 0 0.00866193625192549 0.00482436744230386 0.0302619510313159 0.00372792367277537 0 0 0
0 0 0 0 0 0 0.0266183298304603 0 0 0.119100197144047 0.0868731591569122 0.149900870623685 0.0112094109839056 0.00560459579395413 0.0140153606409854 0.00140124523372733 0.00280231726738325 0.0420141594834907 0.00700593817256082 0.0308259562250012 0 0.00700555212697675 0.0238191896427404 0.0280228276363564 0.0350374277310822 0.0490412977230467 0.0140156852887821 0.00560471972770419 0.114896763548004 0.123303709070539 0.271828819438545 0.123303822252541 0 0 0
0 0.000454953919717017 0 0 0.0122863587030008 0.00272242441328793 0.0373093870438226 0.0136265924259952 0.0163554822189941 0.0209328519222093 0.00273037497350222 0.0390504754271688 0 0.0136242680662787 0 0.00908346887282585 0 0.0154643019271306 0.00273039026653193 0 0.00453958833067573 0.00681194674079302 0.0068120360870374 0.0181655893210201 0.00908510163727988 0.00908304557828051 0.00682782874272886 0.0136518693367471 0.0290657407786413 0.063581283112426 0.0413278477517344 0.00682593723187136 0 0 0.0200227432003933
0 0 0 0 0 0 0.116706466897546 0 0 0.598846582830948 0.152249298522449 0.329817449344079 0.0253748143160842 0.00761229430041669 0.0253813281963579 0.00253760613599988 0 0.0253620580556968 0 0.0380623153388244 0.00253640704099257 0 0.0202991582652884 0.0761225319149362 0.119288890858321 0.0634371870546555 0.0836766460069991 0.00760485863053083 0.0888120418236084 0.489734738848531 0.0557689434718509 0.0811185146393926 0.0583039183067855 0 0
0 0 0 0 0.00160940260306965 0 0.0112643891152474 0.00107312327036857 0.00107335790640564 0.0107296307337987 0.0637775193810511 0.226666547995532 0.0107188822536626 0.00535933722924289 0.00107323665873009 0.00535970551633007 0.00160942145788582 0.0214484366110679 0.00429187999734712 0.00643134621240645 0.00107143437903019 0.00965619650456406 0.0214370366870165 0.0267965414351897 0.0246590794778183 0.0171502592037254 0 0 0.0112661164257267 0.0466738955806611 0.00268240920501884 0.000536482196818508 0.000536482084419928 0 0.00107296363562782
0 0 0 0 0.00355585011785118 0 0.00237026578522854 0 0.0023715003053806 0.244767388616781 0.0243232597639473 0.119223074844382 0.00237299485738975 0.00593237052998624 0 0 0.00296620576824277 0.0248790422473069 0 0 0.00118599455608763 0 0 0.0243225896221143 0.017801537858611 0.0237300088982322 0 0.000593250171177946 0.0255097519068096 0.0604510254208127 0.00237062929742053 0.00118531521391288 0.00118531496557706 0 0.00237062919494817
0 0 0 0 0 0 0 0 0 0.114332001261902 0 0.0979823381502493 0 0 0 0 0 0 0 0 0 0 0 0 0 0 0 0 0 0 0.457328364462353 3.85462669564136 8.19924576188424 1.64964896209308 0.326663089067123
0 0 0 0 0 0 0 0 0 0 0 0 0 0 0 0 0 0 0 0 0 0 0 0 0 0 0 0 0 0 3.2417690392423 0 7.56412878032878 10.8058997516936 0
0 0 0 0 0 0 0 0 0 0 0 0 0 0 0 0 0 0 0 0 0 0 0 0 0 0 0 0 0.653678392614853 0 1.81888746093935 4.34380078392221 5.9463668273105 4.30162690115387 4.0184716353505
0 0 0 0 0 0 0 0 0 0 0.0743547192784014 0.172338564264504 0.011829129379735 0.00675937020246307 0.0101520091458939 0 0.00507463761670477 0 0.0287281206286018 0.021968437309708 0.00168916011836609 0.0101489260372117 0.0168981825375227 0.0337966684980702 0 0.032107718509261 0 0 0.78410405123618 0 0.202785539900787 0.277140350015295 0 0 0
0 0 0 0 0 0 0 0 0 0 0.0553472594628652 0.119459534731023 0.00966378298483731 0.00614955971675597 0.00790876124258357 0 0.00439257301752749 0 0.0219633228043379 0.032505536019317 0.00351261500335626 0.0131772656596768 0.0105419547951705 0.017570075734533 0.00878726824811437 0.00966380755131614 0 0 0.338233192692582 0.00878527352136128 0.105423368755851 0.105423419025679 0 0 0
0 0 0 0 0 0 0 0 0 0 0.0822485892017928 0.0822346396100654 0 0 0 0 0 0 0 0 0 0 0 0.0185332491875989 0.0308965908060931 0.0327429784797663 0 0 0.247734521404071 0 0.0741350180287279 0.0494233689193954 0 0 0
0 0 0 0 0 0 0 0 0 0 0.0108335098948628 0 0.00491938726593168 0.00245964549065591 0.00246032505235814 0 0.00245966249253578 0 0.01475828251853 0.000491939939756202 0 0 0 0.0189391679996868 0.00246025666909728 0.00737909965739353 0 0 0.147827953100298 0 0.00885491737568285 0.0221373039951013 0 0 0
0 0 0 0 0 0 0 0 0 0 0.0300070397087873 0.0208643005532436 0.00304639211426887 0 0 0 0 0 0 0 0 0 0 0.00456947405640582 0.00609417889721343 0.00609279971711555 0 0 0.0700671777705793 0 0 0.0115763220891695 0 0 0
0 0 0 0 0 0 0 0 0 0.0305907635815538 0.00417147095951666 0.0486589054407545 0 0 0 0 0 0.0416519426044597 0 0.00138909982988848 0.00138850824935636 0.00695210678089949 0 0.0555624685902778 0.0277882875069563 0.0277819987101011 0.00417262769432059 0.00695245166222692 0.319492898638103 0.0709149577042588 0.417146976370844 0.0666768120331103 0.134742696086913 0.00556196187219291 0.08064841261227
0 0 0 0 0 0 0 0 0 0 0.17140569833654 0 0.0252066547513732 0.00252061613945709 0 0 0.00252063356278617 0 0 0.0201653775305137 0.00125979910226823 0.0252054683780966 0 0.0756180758187276 0.0504248493605461 0.0504134376593391 0 0 0.302480504035433 0 0.466324161796283 0.0504134490980743 0 0 0.0163843644359655
0 0 0 0 0 0 0 0 0 0 0 0 0 0 0 0 0 0 0 0 0 0 0 0 0 0 0 0 0.00112933064171005 0 0.0158106253142313 0.120838421807612 0.121967696457914 0.54998398736204 0.320729791082036
