food_web_filename = 'Guinea_726';
crc = 'crc_fa70ac84';
n = 35;
l = 34;
b0 = [0.031 0.04020737 0.03616883 0.001 0.455 0.156049281 0.5037977 0.0473539457 0.0480932333 3.08655167 2.06477451 1.59225082 1.253 0.869 0.35 0.221 0.125 1.41 0.957 0.3 0.387 0.273 0.557 1.849 1.544 1.029 0.439059049 0.8095452 4.733919 0.8501782 100 5.57517958 28.26298 69 290].';
p = [0.006565838632665 0.0632874457651868 0 0.01096448 0.10141992109423 0.00633266073091146 0.0896870731418046 0 0 1.97539295151104 0 0 0 0 0 0 0 0.07779699512568 0 0 0 0 0 0 0 0 0.34169331429376 0.117462244752116 0 0.705647906 0 0 0 6955.2 0].';
q = [0 0 0 0 0.013199408804463 0.0088964798649937 0.0322926993613715 0.00730097168640574 0.00700228369032644 0.0730999263236684 0.261099983669236 0.0472919806651103 0.061599751031475 0.0730980979447194 0.0187047515669777 0.0104004821837042 0.0191997066833819 0.043077510519918 0.0409000756103815 0.0135999956828185 0.0178923244575556 0.0349982616573504 0.0198939242746719 0.00509985675607667 0.00570129084334572 0.00939999869287074 0.00130036034398111 0.00119999975278381 0.0133999969874039 0.06949994102023 0 0 0 0 1419.03491554399].';
r = [0.114700013908321 0.38694345137402 0.0958473929629262 0.0682271763460998 0.921958105914367 0.294816487812288 2.33709308685893 0.199531132526248 0.325601189968972 13.8277360632299 12.4299423225566 15.4899728542558 1.01754873735987 0.791784797296276 0.300376276568469 0.298363809643946 0.151247697245271 1.64320203335558 0.532123833716667 0.402255430970161 0.243596615656316 0.457048498675404 0.651490977697635 3.39807597541052 2.48022555399544 2.42226590316861 0.734310145320324 0.658969697191814 63.9078956321848 4.67597564182443 1819.99955957232 167.255373190096 2261.03806956285 1159.20005636667 0].';
F = [
0 0 0 0 0 0 0 0 0 0.00492437403679644 0 0.00492354411111364 0 0 0 0 0 0 0 0 0 0 0 0 0 0.00328291854348942 0.00328382898469393 0.00328291848782031 0 0.00567049218784735 0 0.112216101469394 0 0 0
0 0 0 0 0 0 0.0043804486810275 0.0019475652788441 0.00194794129198212 0.0063287386213582 0.00292095881730566 0.00632767201214404 0.00974622660854756 0.00974601240305457 0.0014608510999219 0 0.00194727635260761 0 0 0.000487313173972837 0.000486617748186378 0.00146040746243792 0 0.0107098791827053 0.00487423658794839 0.0107208885091927 0 0.0126574880252607 0 0.302621343186297 0.0331373019809953 0 0 0 0
0 0 0 0 0 0 0 0 0 0 0 0 0 0 0 0 0 0 0 0 0 0 0 0 0 0 0 0 0 0 0 0.0126590901657622 0 0.11393180553999 0
0 0 0 0 0 0 0.00085640638615947 0.000342685621645054 0.00042843972922383 0.00856599136646434 0.00591053963031929 0.00847890222650235 0 0 0 0 0 0 0 0.00171319955693855 8.56232688845927e-05 0.000770901709774792 0 0.00274104301004252 0.00257038196653155 0.00513959928530622 0 0 0.00676713847860747 0.0037690368014804 0.0236421542787573 0.00291244003813643 0 0 0
0 0 0 0 0 0 0.0250200335442998 0 0 0.111956987160213 0.0816627948923175 0.140910305738959 0.0197570501476702 0.0131710772808623 0.0131747667852578 0.00131720306773158 0.00263424389348802 0.0526581887343164 0.00658572117476699 0.0105371372749238 0.0131657720785886 0.00658538290798369 0.0223845736152327 0.105368440428874 0.0329360071227459 0.026342836336862 0.0131750709553228 0.00526856717803226 0.108005575718115 0.115908401636595 0.171228458563862 0.115908501517743 0 0 0
0 0.000422076290182433 0 0 0.0113982794762292 0.00252699812424094 0.0346107253088733 0.0126416729825393 0.0151729384274335 0.0194201404267285 0.00253306384156695 0.0294883096463024 0.0252798778259849 0.018959496662803 0 0.00842705169217448 0 0.0143465401004227 0.00253306868278571 0.000421332991036392 0.00421152431838419 0.00421312173677217 0.00631806642413212 0.0168528466400631 0.00842856933320675 0.00842665982821967 0.00633441633559672 0.0126653180240391 0.0269653139376404 0.0589865799421889 0.0383413007216625 0.0063326610829219 0 0 0.0185758044805802
0 0 0 0 0 0 0.15291842865077 0 0 0.665012329743935 0.199503887521827 0.408913660219002 0.0665010312219063 0.0332497848211434 0.0166295444022196 0.0232765291387208 0 0.152720469209874 0 0.0332506414008399 0.0132945568318351 0 0.0265923985199445 0.172898543654633 0.15631339130112 0.0831266084407195 0.109647884620268 0.00996522844528958 0.0232754447671992 0.631761763867696 0.073078332315534 0.106295801391871 0.0764001023505172 0 0
0 0 0 0 0.000855837067445707 0 0.00598977384951997 0.000570659571755991 0.000570769748035392 0.00570582924917932 0.0339157678787038 0.120537360393832 0.00570010696180262 0.00284999084157068 0.000570728582149293 0.00285019713989411 0.000855862369447111 0.0114057154170495 0.00228233821927003 0.00342007711551208 0.00199419052177365 0.00513499694778377 0.0113967793543503 0.0142499297503573 0.0131132690076343 0.00769517492993727 0 0 0.00599112665307096 0.0248203589366863 0.00142645865480658 0.000285291803735702 0.000285291808777257 0 0.000570583430462822
0 0 0 0 0.00272692286236113 0 0.00181761907801716 0 0.00181862311678917 0.187711410808453 0.0186534388333017 0.0914318558349974 0.0018198406447261 0.00454950161930581 0 0 0.00227477536641663 0.0190793592370785 0 0 0.00454766911723932 0 0 0.0186529160800139 0.0136519509719487 0.0181984774693866 0 0 0.0163622663214245 0.0463597206577269 0.00181802956004905 0.000909015011902934 0.000909015027966657 0 0.00181802945980979
0 0 0 0 0 0 0 0 0 0.138277360632299 0 0.118503505276094 0 0 0 0 0 0 0 0 0 0 0 0 0 0 0 0 0 0 0.553109866151124 4.66192706104477 9.91647330508913 1.995147097015 0.395078482610522
0 0 0 0 0 0 0 0 0 0 0 0 0 0 0 0 0 0 0 0 0 0 0 0 0 0 0 0 0 0 2.66355835543675 0 6.21497119120912 8.87853043172288 0
0 0 0 0 0 0 0 0 0 0 0 0 0 0 0 0 0 0 0 0 0 0 0 0 0 0 0 0 0.686100745750378 0 1.90910353800976 4.5592510597003 6.24130519201931 4.51498621954341 4.21778674677107
0 0 0 0 0 0 0 0 0 0 0.0814042149084906 0.188677805769912 0.0222010602696823 0.0185004786067214 0.0111145134192123 0 0.00555575841326453 0 0.0370019884041391 0.00185009552153502 0.00370230776475096 0.011111138116439 0.0184953114195344 0.0370008807254526 0 0.0296015258837206 0 0 0.858444307003986 0 0.22201144627472 0.303415703973023 0 0 0
0 0 0 0 0 0 0 0 0 0 0.0906976943272205 0.19575870505677 0.0403099270788368 0.0244733431892901 0.0129601022540392 0 0.00719812140819522 0 0.0359912165355643 0.0215946844152611 0.00575611471196023 0.021593617457982 0.0172704754918675 0.0287921112919951 0.0143997202762444 0.0158361077978891 0 0 0.547065377008402 0.0143964477827353 0.172757458193855 0.172757502262142 0 0 0
0 0 0 0 0 0 0 0 0 0 0.0726906954534866 0.0726783758759689 0 0 0 0 0 0 0 0 0 0 0 0.0163795399342227 0.0273061824602347 0.0289379959759887 0 0 0.218945950776427 0 0.0655199841446036 0.04368000057196 0 0 0
0 0 0 0 0 0 0 0 0 0 0.021900898630186 0 0.00994495980532498 0.00497237061600708 0.00497376348485544 0 0.00497242429455942 0 0.0298350551549079 0.000994499742806088 0 0 0 0.0382871745962456 0.00497362609097133 0.0149174979256276 0 0 0.298847232812968 0 0.0179009956680792 0.0447525005860036 0 0 0
0 0 0 0 0 0 0 0 0 0 0.0541749966115698 0.0376686125065122 0.00549997777066741 0 0 0 0 0 0 0 0 0 0 0.00824976828188873 0.0110024911011935 0.0109999984703807 0 0 0.126499971560193 0 0 0.0209000002736713 0 0 0
0 0 0 0 0 0 0 0 0 0.0658281536527802 0.00897657543855097 0.104708944429615 0 0 0 0 0 0.179258414542189 0 0 0.00597583645458381 0.0149602169350044 0 0.119564641688348 0.0597975389085229 0.0597839916866579 0.00897906419625581 0.0149609576658882 0.597839865593248 0.152601670497567 0.897657482772914 0.143481601878794 0.289952408920644 0.0119687705819873 0.17354704843405
0 0 0 0 0 0 0 0 0 0 0.131579491770227 0 0.0193498417934896 0.0145120623876452 0 0 0.00967481370041526 0 0 0.0116099469974777 0.00967081236459196 0.0145117192116171 0 0.0503083869464443 0.038708604110692 0.0386998346185433 0 0 0.232199047796857 0 0.357973513372812 0.0386998405067481 0 0 0
0 0 0 0 0 0 0 0 0 0 0 0 0 0 0 0 0 0 0 0 0 0 0 0 0 0 0 0 0.000730642835736397 0 0.0102289975246512 0.0781788010236983 0.0789094424277193 0.355823117302073 0.207502538344871
