food_web_filename = 'Gulf_of_Mexico_58';
crc = 'crc_fe7df151';
n = 15;
l = 14;
b0 = [3.566 5 12.476 3.463 1 0.046 0.676 0.134 0.044 0.005 0.082 0.02 4.686 3.69 236].';
p = [0 0 0 0 0 0 0 0 0 0 0 0 1428.2928 35.424 0].';
q = [0 0 1.314 0.812 0.383 0.017 0.198 0.03 0.015 0.002 0.033 0 0 0 444.832010232909].';
r = [313.807983 183.332 209.704086 36.15164 17.319 1.13372529 6.408615 2.673863 0.45113197 0.011855 0.478962 0.655072033 238.0488 5.904 0].';
F = [
28.528 0 0 0 0 0 0 0 0 0 0 0 542.032 0 0
0 36.6665 0 0 0 0 0 0 0 0 0 0 0 18.33325 311.6652
13.51587 0 0 0 0 0 0 0 0 0 0 0 256.8016 0 0
0.5458727 40.39458 0 1.091745 9.825708 0 0 0 0 0 0 0 0 2.729363 0
0.4 17.6 0 0 0 0 0 0 0 0 0 0 0 2 20
0.01477934 0 1.463155 0 0 0 0 0 0 0 0 0 0 0 0
0 0 0 4.366622 4.366622 0 0 0 0 0 0 0 0 0 0
0 0 2.735706 0.4419218 0 0.02805853 0.3016292 0 0 0 0 0 0 0 0
0 0 0.68002 0 0 0 0 0 0 0 0 0 0 0 0
0 0 0.0195 0 0 0.0015 0 0.0045 0.0045 0 0 0 0 0 0
0 0 0.2145858 0.1885754 0.06502599 0.0006502599 0.03836534 0.09753899 0.03901559 0.006502599 0 0 0 0 0
0 0 0.123201 0.616005 0.041067 0 0.041067 0 0 0 0 0 0 0 0
0 0 0 0 0 0 0 0 0 0 0 0 0 0 0
0 0 0 0 0 0 0 0 0 0 0 0 0 0 0
213.7475 88.67192 54.06323 10.91876 7.999576 0.297 1.745567 0.7014142 0.1703724 0.0096424 0.138298 0.166268 391.4104 6.457385 0
];

