food_web_filename = 'Gulf_of_Nicoya_677';
crc = 'crc_52c7d351';
n = 21;
l = 20;
b0 = [4 1.5 0.4 2.6 0.5 1.3 0.78 0.5 0.4 0.19 0.3 0.09 0.16 0.35 12 0.5 0.05 6 0.5 100 59.7807923422363].';
p = [0 0 0 0 0 0 0 0 0 0 0 0 0 0 0 0 0 1296 72 26.4 0].';
q = [0 0.8 0.02 0.15 0.2 1 0.2 0.3 0.2 0.1 0.12 0.04 0.1 0 0.05 0.1 0 0 0 0 482.093102406277].';
r = [352 24.5999985 6.92 43.9399948 2.52 9.49 3.276 1.15 0.9960001 0.873999953 0.780000031 0.1476 0.3408 31.5 192 3.4 2.5925 216 12 4.4 0].';
F = [
32 0 0 0 0 0 0 0 0 0 0 0 0 0 0 0 0 480 0 0 128
10.5 0 0 0 0 0 0 0 0 0 0 0 0 6.3 4.2 0 0 0 4.2 4.2 12.6
0.64 2.56 1.28 8.32 0 0 0 0 0 0 0 0 0 0 0 0 0 0 0 0 0
29.12 0 0 0 0 0 0 0 0 0 0 0 0 0 0 0 0 43.68 0 0 0
0.438 0.219 0.73 1.825 0 0.073 0 0 0 0 0 0 0 0 0.1825 0.1825 0 0 0 0 0
1.56 1.872 0.468 0 0 0 0.78 0 0 0 0 0 0 0.78 7.8 0 0 0 1.56 0 0.78
0 1 0 0.25 0 0 0 0 0 0 0 0 0 0.25 4 0.1 0 0 0 0 0.25
0 0.2 0.2 0.4 0 0.4 0 0 0 0 0 0 0 0 0.8 0 0 0 0 0 0
0.086 0.172 0.086 0.3096 0.172 0.258 0.086 0 0 0.0344 0 0 0 0.086 0.344 0.086 0 0 0 0 0
0 0.266 0 0.266 0 0.266 0.0665 0 0.0665 0 0 0 0 0 0.266 0.133 0 0 0 0 0
0.08400001 0.06000001 0.06000001 0.12 0 0.12 0.12 0.06000001 0.06000001 0.024 0.012 0 0 0 0.42 0.06000001 0 0 0 0 0
0 0.0126 0 0.0252 0.00504 0.04032 0.02016 0.0252 0.01008 0.00504 0.0126 0 0.00756 0 0.0504 0.0378 0 0 0 0 0
0 0.0288 0.0288 0.0288 0 0.08064 0.04608 0.0288 0.0288 0.02304 0.0288 0.01152 0.01152 0 0.1728 0.0576 0 0 0 0 0
2.625 0 0 0 0 0 0 0 0 0 0 0 0 2.1 0 0 0 7.35 5.25 2.625 32.55
3 0 0 0 0 0 0 0 0 0 0 0 0 0 0 0 0 180 45 3 69
0 0.825 0 0 0 0.55 0 0 0 0 0 0 0 0.55 2.75 0 0 0 0 0 0.825
0 0.195 0.1625 1.4625 0 0 0 0 0 0 0 0 0 0.325 0.975 0.13 0 0 0 0 0
0 0 0 0 0 0 0 0 0 0 0 0 0 0 0 0 0 0 0 0 0
0 0 0 0 0 0 0 0 0 0 0 0 0 0 0 0 0 0 0 0 0
0 0 0 0 0 0 0 0 0 0 0 0 0 0 0 0 0 0 0 0 0
207.947 9.189601 2.8447 15.7029 0.75296 3.32204 1.25526 0.436 0.35862 0.26952 0.2466 0.05288001 0.11612 10.609 85.9893 1.2131 0.6575 368.97 3.989997 12.175 0
];

