food_web_filename = 'Gulf_of_Maine_EMAX_2008';
crc = 'crc_d54a495a';
n = 31;
l = 29;
b0 = [23.342134 3.8810977 0.0030066926 0.021507787 0.66343501 0.045613811 0.012438604 0.0075888589 8.2235334 3.4389734 11.01904 0.040987531 0.54354387 0.90084063 1.952466 9.3410773 0.30805478 0.36242304 5.0724123 2.1390027 61.882682 14.171606 4.1580822 14.379711 7.5298245 8.9967183 28.917524 11.859956 3.733919 9.4789441 85.164683].';
p = [5053.6219 0 0 0 0 0 0 0 0 0 0 0 0 0 0 0 0 0 0 0 0 0 0 0 0 0 0 0 0 0 0].';
q = [0 0 0 0 0.00015813066 0 0.0011247668 0.00013483717 0.16040433 0.0028994862 0.063802021 0.0045781003 0.0025851981 0.0063728193 8.4427862e-06 0.46793457 0 0.042564658 0.18903896 0.064776307 0 0 0 0 0 0 0 0 0 0 0].';
r = [762.1967 605.39042 0.021102398 0.23157299 1.7997191 0.26485242 0.02465835 0.0041968068 2.7271984 0.95005481 2.0763395 0.024672583 0.34911761 0.45015716 0.86174482 4.6812545 3.8384651 0.47491756 10.24646 4.6746773 336.21856 68.610903 33.303585 59.547432 113.36213 679.77918 1606.2629 413.78827 340.45423 0 0].';
F = [
0 0 0 0 0 0 0 0 0 0 0 0 0 0 0 0 0 0 0 0 0 0 0 0 0 0 0 0 0 0 0
243.42667 0 0 0 0 0 0 0 0 0 0 0 0 0 0 0 0 0 0 0 0 0 0 0 0 0 0 0 0 0 1337.7835
0 0 0 0 0 0 0 0 0.00069729015 0.00075487059 0 2.3341176e-05 0.00093905167 0.0014233118 0.0068447546 0.0075832646 0 0.0022933317 0 0 0 0 0 0 0.0051257961 0 0.0014451796 0 0 0.0026273656 0
0 0 0 0.0010951818 0 0 0 0 0.022911254 0.01679612 0 0.0003054347 0.014115978 0.077532362 0.072532865 0.12907679 0 0 0 0 0 0 0 0 0.013682374 0 0 0 0 0 0
0 0 0 0 0 0 0 0 0 0 0 0 0.0043764535 0.015942397 0.010879761 0.10020087 0 0 0.01242014 0 0.063180144 0.019533795 0.092690008 0 0.74751744 0 1.3887661 0.13044256 0 0 0.037506875
0 0 0 0 0 0 0 0 0.031051705 0.02297378 0.025836747 0.00035353005 0.039118591 0 0.065183487 0.18662161 0 0 0 0 0 0 0 0 0.046023905 0 0 0 0 0 0
0 0 0 0 0 0 0 0 0 0 0 0 0 0.0023589626 0.032236413 0.0061867871 0 0 0 0 0 0 0 0 0 0.0055591698 0 0 0 0 0
0 0 0.00025482586 0.00015057866 0.00012154712 0.00023519817 8.6539531e-05 0.00023642214 0.0005244916 0.00045640241 0.00031708916 0.00083257018 0.00012987676 0.0010415678 0.00039298284 0.0015822438 0 0 0 0 0.00011075311 0 6.908549e-05 0 0 0 0.00036052362 0 0 0 0.00062177217
0 0 0 0 0 0 0 0 2.0591833 0.031335991 0.092434343 0 0.017392154 0.48754934 0.55472354 2.5909986 0.11361999 1.6832013 0.21412625 0.12011326 1.2804812 0.29494111 0.096116027 0.1287462 0.25688403 0 0 0 0 0 0
0 0 0 0 0 0 0 0 0.018497068 0.027511787 0.037204831 0 0 0.0060786616 0.0064224324 0.18250647 0.039377216 0.013191533 0.3717607 0.13732674 0.38895166 0.52163055 0.51001628 0.59168177 0.11795388 0.041212618 0 0 0 0.074135337 0.040572989
0 0 0 0 0 0 0 0 0.030528122 0.039946022 0.25833157 0 0 0.029621623 0.015917993 0.46798857 0 0.17579416 0.7415975 0.42653551 1.5721989 0.88704253 1.2999018 1.2619391 0.52956513 0 0 0 0 0.090178922 0.10750168
0 0 0 0 0 0 0 0 0.01090474 0.004727299 0.0099912528 8.3788669e-05 0.0020973167 0.0032111256 0.0034484559 0.033361231 0.0011829316 0.0024138191 0.017851584 0 0.0012334924 0 0.0010258498 0 0 0 0 0 0 0 0
0.014215912 0 0 0 0 0 0 0 0 0 0 0 0 0 0 0 0.0097399053 0 0 0 0 0 0.0063379369 0.0037420405 0.023916169 0 1.1159798 0.098015516 0 0 0
0 0 0 0 0 0 0 0 0 0 0 0 0.0048134593 0.1508074 0.039562078 0.036120236 0.4059312 0.18592451 0 0 0.041230202 0 0.31474932 0 1.2660934 0 0.25656572 0 0 0 0
0.76079851 0 0 0 0 0 0 0 0 0 0 0 0 0 0 0 0.028284883 0 0 0 0.013353753 0.0070486849 0.0068725254 0 0.18717932 0.15452597 3.0075774 0.49005349 0 0 0
0.25674015 0 0 0 0 0 0 0 0.036619896 0.031058555 0.032957034 0 0 0 0 0 2.1048815 0 0 0 0.2372292 0.19066647 1.1324897 0.23794793 4.6158711 0.50325544 9.6452137 2.4225215 0 0 0
0.93177104 0 0 0 0 0 0 0 0 0 0 0 0 0 0 0 0.91580626 0 0 0 0.64402132 0.47699003 0.58112251 0.64043707 0.9536634 0 3.7730391 5.6402787 0 0 0.904212
0.20068525 1.1260405 0 0 0 0 0 0 0 0 0 0 0 0 0 0 0 0.049109395 0 0 0.25597975 0 0.14401355 0 0.3715039 0 0 0 0 0.15094063 1.1602087
0 9.8901322 0 0 0 0 0 0 0.2661871 0.2224582 0.41545126 0 0 0 0 0 0 0 9.7777422 2.4707046 16.098801 12.631075 4.1056798 5.3820964 0 0 0 0 0 2.1072361 10.225328
15.155166 4.7193683 0 0 0 0 0 0 0 0 0 0 0 0 0 0 0 0 0 0 0 0 0 0 0 0 0 0 0 0 4.9180544
193.59848 172.54119 0 0 0 0 0 0 2.0110587 1.5449922 3.4180678 0 0 0 0 0 0 0 39.288756 4.3688452 55.728603 107.88577 35.282439 54.547119 53.543614 0 0 0 0 4.7081877 348.59275
90.240288 42.212732 0 0 0 0 0 0 0 0 0 0 0 0 0 0 0 0 0.37236287 2.3621863 12.190274 13.193166 0 0 7.2915328 0 0 0 0 1.0694618 74.030224
12.2516 11.867246 0 0 0 0 0 0 0 0.14342352 0.3014041 0 0 0 0 0 0 0 0.93346441 1.0978594 11.390507 12.675632 9.1341479 11.408487 4.5369571 0 2.4268822 1.1162217 0 0.48342154 26.4294
31.26009 67.654808 0 0 0 0 0 0 0 0 0 0 0 0 0 0 0 0 0.6627235 0.59567191 13.057907 1.6783024 2.9765388 23.753152 12.732398 0 0 0 0 0.8794423 111.84051
37.344982 0 0 0 0 0 0 0 0 0 0 0 0 0 0 0 0 0 0 0 0 0 0 0 7.9711658 0 70.192388 126.52711 0 0 36.300212
102.97672 20.677655 0 0 0 0 0 0 0 0 0 0 0.481745 1.4246964 2.4598474 8.7639437 6.704987 0 0 0 0 0 0 0 0 27.644462 394.68968 259.6186 44.654472 0 114.64986
1744.813 0 0 0 0 0 0 0 0 0 0 0 0 0 0 0 0 0 0 0 11.642029 0 5.2578863 0 0 0 325.63287 681.27516 133.98721 0 163.97793
1124.8555 0 0 0 0 0 0 0 0 0 0 0 0 0 0 0 0 0 0 0 0 0 0 0 0 0 0 121.24044 317.83229 0 196.88294
158.70273 388.08216 0 0 0 0 0 0 0 0 0 0 0 0 0 0 0 0 0 0 0 0 0 0 0 0 0 0 90.512087 0 358.25426
0 0 0.0013051711 0.0030026256 0.0094361849 0.024841724 0.012221586 0.0015346748 1.9278208 0.042520581 0.84012318 0.058679943 0.34175599 0.011836329 0.0034945689 2.8710456 6.0820603e-08 0.44711178 2.2786321 0.66644993 0.016499679 0.0038140659 0.00035916771 0.0031309769 0 1.504474e-05 0 0 0 0 0
534.63571 257.04841 0.0070951624 0.11222698 0.81402149 0.12723402 0.0082500904 0.0014217296 0.71825944 0.044122874 0.36232842 0.0020035964 0.013760593 0.033168025 0.52245458 0.92104719 1.2990654 0.38195963 8.4859568 7.8074418 616.21872 23.885715 11.950613 109.58563 69.763083 276.61846 648.19236 148.4641 68.110963 0 0
];

