food_web_filename = 'Gulf_of_California_450';
crc = 'crc_5a82fb4f';
n = 34;
l = 33;
b0 = [0.71881 0.0141734807 0.008 0.000400000019 0.174 0.0015 0.0196097065 0.147000015 0.09 0.000133999987 0.2521041 0.149644509 0.0198435 0.4139478 2.1038475 0.0692136 0.0215141531 1.55478966 0.03801382 0.118585117 2.32415986 0.228311345 1.16856813 0.317044 0.6192978 5.070001 0.06585095 0.2 2.886 0.0800000057 28 116 1.6099999 88.52].';
p = [0 0 0 0 0 0 0 0 0 0 0 0 0 0 0 0 0 0 0 0 0 0 0 0 0 0 0 0 0 0 0 8052.72 112.442393016 0].';
q = [0.0235669436890504 0 0.0021419804085546 0 0 0.000221987506195325 0.000573373130929654 0.0114219192388551 0 0 0.0280864604468793 0.0112926727792176 0.00339998932201122 0.0584377092631072 0.222125809115397 0.0912386097359168 0 0.0117687092114323 0.439518781075764 1.60172831845798 3.55567413996007e-05 0.05439677838943 0.0316835830282689 0.0871161027188737 0 0 0.010233374724821 0.7708036666584 0.140322868193498 0.360072154175155 0 0 0.00271796900159585 5804.84451786165].';
r = [1.35011766363466 0.347097127330455 0.0245796654724131 0.012081680600438 3.34781478691613 0.0289845767997842 0.116146109048654 0.135108836856936 0.171041438731114 0.00338056139524649 1.25888522712027 0.145412603084922 0.0307876530901162 0.916838334517769 8.17287723475881 0.486967545189056 0.0595169226792617 7.61703807658759 0.838452699334692 2.28752872870287 12.9541898570254 1.11335494228816 5.34838708839186 0.716360673036535 1.90148874217146 44.2972782186663 0.177440118880216 1.30539964200221 85.013731768937 0.530820361087042 814.785532306137 1342.11992980001 18.7403988470034 0].';
F = [
0.0191168507517768 0.000379712491187824 1.84871661276089e-08 1.69080470546065e-06 0.00396834016214072 1.78178185422441e-06 0.000170001234678144 0.00962706278758745 0.000191978355751156 1.40236968652962e-06 0.196920558206688 0.00748820874766508 0.00320358945847426 0.0075857997348159 0.776828689064403 0.00875496083083771 0 0.46024466486412 0 0 0.0408092759136352 0.00665111331120454 0.361233592095999 0.00736459574944492 0 0 0 0 0 0 0 0 0 0
0.00886554831176661 0 4.11443156788203e-05 0 0 0 0.0019689952793186 0 0 0 0.0170878534584953 0 0 0 0.176608178893867 0.0040601629013713 0 0.109650900879096 0 0 0.033095902827603 0.00154069595279928 0.0559652079405195 0.0334672194841025 0 0 0 0 0 0 0 0 0 0
0 0 0 0 0 0 1.58025611510592e-05 0.000107529606298088 0 0 0.00415864215336989 8.36396475519516e-05 2.97197075358035e-05 0 0.00300247354374035 9.77886518522519e-05 0.00151845810621103 0.0185655291043075 0 0 0.002468391542571 7.42896989017169e-05 2.55362462792632e-05 8.22589505184723e-05 0.00149929918085462 0 0 0.00214391251022277 9.54220463222288e-05 0.000303008967402493 0 0 0 0
0.000734122763045275 0 0 0 0 0 0 1.49646951920181e-05 0 0 0.000614806070444373 0 0 0 0.00294923412683381 0.00136090646900597 0 0.00550605106553175 0 0 0.00158588929721918 5.56360848487185e-05 0 0.00114478250567735 0.000552162000868855 0.000532325336434714 5.45232598155645e-05 0.000107036684591938 0 0.000102366012438037 0 0 0 0
0.0814546117105983 3.99623600915737e-05 3.89131765852844e-05 0 4.17642933023443e-05 0 0.00361453157608168 0.012264910418929 0.000404090470455654 0 0.0750374383828127 0.0159212767001193 0.000337157714050001 0.0161287726664077 0.841655834685254 0.00368561908779528 0 0.901731553076994 0 0 1.39976110388846 0 0.842675644645988 0.0313169065293476 0 0 0 0.00299529504230793 0 0.00286459180537417 0 0 0 0
0 0 0 0 0 0 3.26232460583297e-05 3.69486773120282e-05 0 0 0.00340622436169193 0 0.00310725618023203 0.000569627810941607 0.00594265427612815 0.000584374822816593 0 0.00732865189172808 0 0 0.00395821238760815 0 0.00551434079625607 0.00264219367267833 0 0 0 0.00273079097252296 0 0.00130581484154088 0 0 0 0
0 0 0 0 0 0 0 0 0 0 0.0276712592632251 0 0 0 0.0120842702090228 0 0.000735252302962136 0.052597211003044 0 0 0.000169854837363297 0 0 0 0.0125064822473782 0.0120571813335116 0.000610180963143847 0.018081053017645 0.022188644943726 0 0 0 0 0
0 0 0 0 0 0 0 0 0 0 0 0 0 0 0.067747206427439 0 0.00257379401756972 0.0398808580315129 0.00532592222894018 0 0 0 0.0816475445114249 0 0 0.0118805563054572 0 0.00179356187790472 0.00689124372689143 0.000168099241442091 0.0247624212106746 0 0 0
0 0 0 0 0 0 0 0 0 0 0 0 0 0 0 0 0 0.0623118588266632 0.00122538668956037 0.00122538688090486 0.00248518926590826 0 0.0253164561477914 0 0 0.0106364333265923 0 0.000866590737880844 0.0430770041244573 0.0008287760274974 0.085847615361283 0 0 0
0 0 0 0 0 0 0 0 0 0 0 0 0 0 0 0 0 0 5.62334987674964e-05 5.62335075483737e-05 0 0 0 0 0.000393788363070226 0.00113892402515338 0.000357024729083285 0.000389728409926413 0.000935886470389738 0.000372722150448488 0.000554711247074872 0 0 0
0 0 0 0 0 0 1.9747097376265e-05 0 0 0 0.0249164724336865 0.00173963898078621 0 0.0708358791097309 0.545514064855278 0.0099095169843727 0.00182464560995488 0.0232852735144991 0.00233734957280075 0.00233734993777857 0.109703516850753 0.00154516739205559 0.0942230005570855 0.00833579819170709 0.00813733991879097 0.127677352191517 0.00368882234820597 0.328177714583709 0.616442717355902 0.0789457101486623 0 0 0 0.203777497153951
0 0 0 0 0 0 0 0 0 0 0 0 0 0.0287385117507805 0.0544550804812276 0 0 0 0 0 0 0.000239863278457725 0 0.00107084704556418 0.0259270794011917 0.0435128634248845 0.00587663948649118 0.00307917297976295 0.0668879378046773 0 0 0 0 0.0402639571328521
0 0 0 0 0 0 2.81274966356369e-05 0 0 0 0.00031786744998956 0.00168498457076438 0 0.00291184560015774 0.0108103427375495 0.000347651778102547 0.00161138029805257 0 0 0 0 8.80366157990959e-05 0 0.00043866240925078 0.000999177164460681 0.00266049085469166 0.00207061715838763 0.00117723318014024 0.0145307009241597 0.000495379677990206 0 0 0.00678308500398267 0.00607578320410076
0 0 0 0 0 0 0 0 0 0 0 0 0 0.00447159142226669 0.130433314487664 0 0.00154170903823105 0 0 0 0 0.00130556778856959 0 0 0.00141120224552621 0.298248573952098 0.00127945400789019 0.0139230530504211 0.706701582515168 0.0066577520929783 0 0 0.0678350600398292 0.250596076844325
0 0 2.72475010821009e-05 0 0 0 0 0.000137408722390724 0 0 0.00114255287558286 0.00106880490936276 0 0 0.279935621607648 0.0124961061217688 0.00112103155154963 2.94859496571887 0.0143602823683416 0.0143602846107039 0.696440720911224 0 0.0134628189521989 0.0571283347273504 0.0001026135414415 0.957012388304513 0.00930336578455332 0.0102659478057396 1.1530983178364 9.7124098673252e-05 3.29944022012536 1.89136690107148 2.66130400156258 0.707876551290949
0 0 0 0 0 0 0 0 0 0 0 0.000684874597304473 0 0.00350404211084679 0.173714085528811 0 0.000718340667887573 0 0.00557688496669839 0.00557688583753061 0.00188506712372428 0.00122891648173196 0 0 0 0 0 0.0131465376268324 0.144432001161436 0.0125728729300236 0.185247122927858 0.160467991606673 0 0.100048605027722
0 0 0 0 0 0 0 0 0 0 0 0 0 0 0 0 0 0 0 0 0 0 0 0 0 0.0283387928837173 0 0 0.0502936827569923 0 0.0207894593692532 0.00935308951078379 0.00420980600247178 0.0201451324578306
0 0 0 0 0 0 0 0 0 0 0 0 0 0 0 0 0 0 0.01619812926214 0.0161981317914826 0 0 0 0 0 0 0 0 0 0 11.9662707473873 3.62982281014101 0 0
0 0 0 0 0 0 0 0 0 0 0 0 0 0 0 0 0 0 0 0 0 0 0 0 0 0 0 0 0 0 1.00386364914465 0.305550584018083 0.0763876600448508 0.0389229124265499
0 0 0 0 0 0 0 0 0 0 0 0 0 0 0 0 0 0 0 0 0 0 0 0 0 0 0 0 0 0 2.8913518824522 0.880053953968508 0.22001350012918 0.112106670019199
0 0 0 0 0 0 0 0 0 0 0 0 0 0 0 0 0 0 0.0134164175462428 0.0134164196412203 2.87498004350138 0 0 0 0 0 0 0 0 0 12.4853961424694 9.77203948887048 0 0.5117605143644
0 0 0 0 0 0 0 0 0 0 0 0 0 0.0206116662277804 0.126868644954502 0 0.00174282545059206 0 0.0227810110054212 0.0227810145626827 0.00228699163932001 0.00149093986297469 0 0.00165087690793721 0 0.464533524572111 0 0.00805534342201795 0.191505060286548 0.000149454429879196 0.00227014737735148 0 0.0244284100143431 0.614899455862381
