food_web_filename = 'Gulf_of_Maine_704';
crc = 'crc_4c8a033d';
n = 31;
l = 29;
b0 = [5.48396 4.88461828 10.4029236 11.95508 1.28304 4.8735075 18.942215 4.039933 9.866013 24.9363232 2.87938547 3.50484 0.396 0.206537634 5.71427345 1.24045086 0.274807781 0.152735576 0.0229286049 2.98087358 0.399716318 4.00608969 0.002955908 0.005869136 0.063 0.602 0.0336 0.00349999988 22.1257973 0.442083329 81.3333359].';
p = [0 0 0 0 0 0 0 0 0 0 0 0 0 0 0 0 0 0 0 0 0 0 0 0 0 0 0 0 4331.6073320122 16.7606130927874 0].';
q = [0 0 0 0 6.35855065343702e-07 0 0.000134907011585395 1.83479908617951e-05 0.000188956672198747 0.000723844805293413 0.121859703250556 0.448716952945371 0.0816329684080646 2.65402252847689e-09 1.00519139700936 0.000171007218129836 0.0143970087820397 0.022314130107329 0.0131384919320509 0.185412972322577 0.00945737833324189 0.391472730894032 0.000312219991155947 0.00236065810622918 0.00115390106035088 0.000405254415128282 0.000138780415440273 5.87142304442354e-05 0 33.6650909279552 11.4076318619523].';
r = [1167.61172345416 714.031684507701 675.088584705388 563.381361112104 76.8536244315665 63.9643709566934 117.433917760702 29.0848107136511 32.042889054449 95.9528073157694 6.15034525035736 21.1657665654049 0.593626794508349 4.80195029549029 6.17148346410726 1.09159312573882 0.082439301872317 0.192934867555077 0.0129481532350414 0.509622678961346 0.0179821587337013 1.25034710466774 0.00112185937772358 0.00884684518383403 0.240185286521476 1.08237646360804 0.227128482894521 0.0149732525637739 721.934515387674 0 0].';
F = [
0 0 0 0 0 0 0 0 0 0 0 0 0 0 0 0 0 0 0 0 0 0 0 0 0 0 0 0 897.653050329057 0 1187.36805179414
233.471477327606 114.890908010016 0 0 0 0 0 0 0 0 0 0 0 0 0 0 0 0 0 0 0 0 0 0 0 0 0 0 250.734786125783 0 585.035014908654
0 150.668081122209 42.5269537531771 0 0 0 0 0 0 0 0 0 0 0 0 0 0 0 0 0 0 0 0 0 0 0 0 0 962.254846754366 0 173.517508026642
0 56.1322333447125 143.648537112901 167.086154627489 31.3209361867782 0 0 0.42928741134287 0 2.28825061361574 0 0 0 0 0 0 0 0 0 0 0 0 0 0 0 0 0 0 827.063454235078 0 81.1082374971602
3.74769108517597 9.36920602038944 61.8373946423348 67.459069812263 9.11756358072945 0 0 0 0 0 0 0 0 0.760444928710208 0.067160496479767 0.0852137300512618 0.017201803976966 0.00818998550238401 0 0 0 0 0 0 0 0 0 0 16.1152691082739 0 18.7382805020695
0 0 39.2763987533367 65.1761272638326 0 8.25371792825348 0 0 0 0 0 0 0 0 0 0 0 0 0 0 0 0 0 0 0 0 0 0 32.4458582046333 0 32.7297647384836
97.9457838826091 0 0 0 0 19.5892816667226 8.8582998003479 1.62575155921706 0.211910196153358 6.98150203514502 0.349109208672535 0.465301080698214 0 0 0 0 0 0 0 0 0 0 0 0 0 0 0 0 41.1377677236732 1.9432002550109 152.35877042015
11.6619740115911 0 0.462645865053264 2.33241638694682 0 4.56763207653448 11.4669759927532 2.80872536373354 1.86363327667676 11.4205651600262 0.40721259375269 0.374980488752947 0 0 0 0 0 0 0 0.136380540295902 0.0266358408426768 0 0 0 0 0 0 0 11.4677493654409 0.578420154133384 25.2547480941259
26.4127793561802 0 0 0 0 4.62226471862518 0 0 0.580182018552379 3.02326828911593 0.403992005665392 0.0995420681416292 0 0 0 0 0 0 0 0 0 0 0 0 0 0 0 0 54.1468770038241 0.78602585321513 45.2786505007941
58.9755417248596 0 0 0 0 19.7742704548242 19.2673262808299 2.91832515437651 6.57671773103618 10.6638716763694 0.336471855417109 1.83979797244444 0 0 0 0 0 0 0 0.533836208360854 0.0340336280411473 0.359764064860668 0 0 0 0 0 0 58.976276736593 2.75305070662902 110.62628242312
3.4209531753881 0 0 0 0 0 0 0 0 0 0 0 0 0 0 0 0 0 0 0 0 0 0 0 0 0 0 0 22.775648739727 0 2.59714924307184
5.48345935626045 0 0 0 0 0 3.0614330266927 2.56118442248058 9.1843624048252 9.18398432159711 0.37661140694407 1.60542829462234 0 0 0 0 0 0 0 0.112049635476201 0.0333787124286139 0.0640328944557591 0 0 0 0 0 0 0 1.49585318592844 5.48340816807109
0.885670012892803 0 0 0 0 0.298915441745534 0 0.0161405564870569 0 0.207560511618739 0 0 0.00249002955061116 0 0 0 0 0 0 0 0 0 0 0 0 0 0 0 0.149458691729818 0.148257673761447 0.270263093792246
0 0 4.00122653575731 2.31650243889026 0 0.631771261140908 0.194834418817516 0.118456165660608 0.0464681842695472 0.19482769915229 0 0 0 0.694945706686138 0 0 0 0 0 0 0 0 0 0 0 0 0 0 0.547538569702373 0 0.54752663459988
0 0 1.28340107755878 4.67290374754982 0.206866719913567 2.33644369349301 0.120654161206374 0.586868132502396 0.0864391980392654 0.120649999952032 0 0 0 1.16273296466678 0 0 0 0 0 0.0195635631576377 0.019562152396194 0.019564938954342 0 0 0 0 0 0 0.12066219332325 0 0
0 0 0.200450474992084 1.67806452276424 0.0540262856866056 0.10995077969059 0 0.00179011224881408 0.00178941772583963 0.00548741111662767 0 0 0 0.0183250703190205 0 0 0 0 0 0 0 0 0 0 0 0 0 0 0.411009277257117 0 0
0 0 0 0.0552931595220346 0 0.276464888823568 0 0.0829322847543664 0 0.00921462222351279 0 0 0.0129736836128287 0.0921545761171521 0.00414157228280686 0.00415346786738585 0.0117131669149602 0.000553795637792845 0 0 0 0 0 0 0 0 0 0 0 0 0
0 0 0.0171461508765892 0.275560900563775 0 0.00621393229129458 0.000474425490575415 0.000663051635914151 0 0 0 0 0 0.00181399422352629 0 0 0 0 0 0 0 0 0 0 0 0 0 0 0.00359756280093162 0 0
0 0 0 0 0.000642048527018706 0 0 0.000401498899877329 0 0.000401495701021024 0 0.00635520680893864 0.000563012741167924 0.000401532143780733 0.0119120797450044 0.00120460390120769 0.000848362632465748 0.000630338952763204 2.36323859106241e-05 0.00398106631745429 0.0013909533856211 0.00398134628373011 0 0 0 0 0 0 0 0 0
0 0 0 0 0.0240412712331749 0.164929619513284 0.394725800706061 0.49474601379251 0.329841626258519 0.494742072009839 0.140596179945805 0.256760348829697 0.0454738511776237 0 0.129550757134232 0.00540754560025359 0.0097293062666314 0 0 0.100018954843541 0.0162181238868732 0.0108136260663397 0 0 0 0 0 0 0 0.0321846640288115 0.0324446809685757
0 0 0 0 0.0299105649141227 0.0118345124697568 0.0598452427064762 0.059843655488944 0.0598456423016458 0.0398954557979723 0.0145395862192158 0.0398841193234078 0.00108728343895769 0.00405753300087964 0.015704008731615 0.000676260298952736 0.00060849110152501 0 0 0.00439478567970861 0.00338036028033396 0.00202850588017686 0 0 0 0 0 0 0 0.00804993894288445 0.00405748632952382
0 0 0 0 0.175067416686913 0.0895515633299108 0.044773086915106 0.0447718994417947 0.134320147614663 0.44364543886749 0.0447759043774565 0.089517651385211 0.490477842920763 0.044775606532152 1.09903421452786 0.227950224375228 0.179330569394687 0.00651862472614584 0 0.0447666953225785 0.0162776271340996 0.887257102370619 0 0 0 0 0 0 0 0 0
0 0 0 6.15213691930352e-05 0 0 0 2.05052799076332e-05 0 2.05051165362168e-05 0 0 0 0 0.000430645206465442 0.000102535551111932 0.000328102868657132 4.10142272724826e-05 5.74735537954166e-05 0.000102514432260946 0.000164011323619615 0.000143530338138412 6.15149482385471e-05 2.05070606176637e-05 6.15183744142574e-05 2.05069073912416e-05 4.10130251498737e-05 6.14559740012005e-05 0 0 0.000102533659275656
0 0 0 0 0.00130809890551452 0 0 0 0 0 0 0 0 0 0.00249750040075249 0.00971111195691343 0.000343753189998936 0 0 0 0 0 0 0 0 0 0 0 0 0 0
0 0 0 0 0 0.0245366592554687 0 0 0 0 0 0 0 0 0.147550414982135 0.0490734730223126 0 0.017864743475818 0.000181800666597895 0.0245316827744139 0.0172619500040438 0.0245334079513686 0 0 0 0 0 0 0 0 0
0 0 0.0434855393296444 0.721520644942357 0.0069045162750145 0.450364449572984 0 0.0633336403925027 0.0186992589943906 0.0358387560087641 0 0.00570353695166891 0 0 0.0103665905367026 0.00446910879338418 0.00408166308375064 0.00111321785463361 0 0 0 0 0 0 0 0 0 0 0 0 0.0186999713392607
0 0 0 0 0.00279998267377259 0.00929262612215942 0 0 0 0 0 0 0 0 0.0780126704838424 0.0706241796937515 0.0944102292567888 0.00193935377829408 2.3618258011415e-05 0 0.00453082937283012 0.023414313592378 0 0 0 0 0.000542749370475161 0 0 0 0
