food_web_filename = 'Gulf_of_Salamanca_669';
crc = 'crc_d5f2135c';
n = 18;
l = 17;
b0 = [6.29 15 5 0.704 0.835 0.15 1.3 0.48 0.28 0.12 0.8 0.33 0.27 0.45 0.04 10.08 0.053 13.8007062619565].';
p = [0 0 0 0 0 0 0 0 0 0 0 0 0 0 0 1240.56576 0.6996 0].';
q = [0 0 0.001 0.005 0.695 0.0539999977 0 0.002 0.001 0.0210000016 2e-04 0.273 0.0220000017 0.107 0.001 0 0 204.059052587608].';
r = [513.4401 219 51 10.44032 9.864689 0.39 9.7864 2.45376 2.4416 1.2792 3.632 2.0229 1.13400006 2.1158998 0.145599991 206.76096 0.1166 0].';
F = [
39.44145 0 0 0 0 0 0 0 0 0 0 0 0 0 0 670.5046 0 78.88289
20.25 60.75 0 0 0 0 0 0 0 0 0 0 0 0 0 40.5 0 283.5
9.5 33.25 4.75 0 0 0 0 0 0 0 0 0 0 0 0 4.75 0 42.75
4.928 1.9712 2.9568 0 0 0 0 0 0 0 0 0 0 0 0 0 0 9.856
6.33932 0 1.58483 0 0 0 0 0 0 0 0 0 0 0 0 7.92415 0 0
0 0.2322 0.10935 0 0 0 0 0 0 0 0.01215 0 0 0 0 0 0 0.3213
0 3.6816 3.6816 1.8408 0 0 1.28856 0 0 0 0 0 0 0 0 0 0 7.91544
0 1.184765 1.053518 0.0141888 0 0 0.7555536 0 0 0 0.0461136 0 0 0 0 0 0.0319248 0.461136
0 0.36498 2.143428 0.262122 0.102858 0 0.06967799 0 0 0 0 0 0 0 0 0 0.03318 0.341754
0 0.5300739 0.2219341 0.2934665 0.2127632 0 0.06786413 0 0 0 0.3283157 0 0 0 0 0 0 0.1815824
0.2664935 0.2733267 3.382417 1.175305 0 0 0.8814784 0 0 0 0.163996 0 0 0 0 0 0.3416583 0.3553247
0.1073407 0 0.4351649 0.5628133 1.174945 0 0 0.145055 0.04641759 0.04351649 0.09863738 0 0.08703297 0.203077 0 0 0 0
0 0.04698 0.55404 0.22356 0.00486 0.03402 0.24462 0.04536 0.08262 0.0486 0.28998 0 0 0.01458 0 0 0 0.03078
0 0.0849285 0.7895205 0.390042 0.3176955 0.0346005 0.81783 0 0.06291 0.0660555 0.572481 0 0.0094365 0 0 0 0 0
0 0.010176 0.037948 0.03392 0.02332 0.006360001 0.006784001 0.011872 0.00318 0.00424 0.04664001 0.01484 0.00212 0.0106 0 0 0 0
0 0 0 0 0 0 0 0 0 0 0 0 0 0 0 0 0 0
0 0 0 0 0 0 0 0 0 0 0 0 0 0 0 0 0 0
194.5562 83.61977 22.29845 4.470463 3.452168 0.1560195 4.489232 0.889153 0.6802724 0.373388 1.649486 0.59326 0.3654105 0.694343 0.0654 310.126 0.1762369 0
];

