food_web_filename = 'Hudson_Bay_446';
crc = 'crc_5771de7d';
n = 40;
l = 38;
b0 = [0.000460363 0.000383636 0.000191818 2.5e-05 0.001930783 0.01086575 0.002740255 0.000986492 0.003699344 0.001045681 0.04685835 0.001 0.002071632 0.02466229 0.001463789 0.065 0.179511532 0.05132024 0.6818141 0.247642249 0.3040149 0.512145936 3.17967238e-06 0.2560289 0.0145287747 0.09707986 7.5 2.148 4.015 1.8 1.21 2.180541 5.42041159 8.01979 5.326275 2.89358854 8 3.5 0.009 0.33].';
p = [0 0 0 0 0 0 0 0 0 0 0 0 0 0 0 0 0 0 0 0 0 0 0 0 0 0 0 0 0 0 0 0 0 0 0 0 446.002944 190.380288 0 0].';
q = [1.5e-05 2.2e-05 5e-06 1e-06 3.4e-05 9e-06 8e-05 6e-06 0.000167 2e-06 0.000393 1.4e-05 3.3e-05 6.05e-05 1.4e-05 0.000325 4.62132e-07 1.32038e-08 2.64076e-07 2.64076e-07 1.32038e-07 3.96113e-08 0 6.60189e-08 2.64076e-08 0 0 0 0 0 0 0 0 0 0 0 0 0 11.2316699622059 100.090941390971].';
r = [0.0007066649 0.000579132466 0.000296077051 9.619909e-05 0.0402779728 0.04736619 0.102832153 0.026561765 0.04155509 0.01543886 0.6400351 0.0124027515 0.0354096144 0.328173459 0.0193385091 0.05291 0.179511517 0.266865253 0.6886322 0.474330246 0.6505919 0.978198767 2.48014453e-06 0.379464924 0.0165416729 0.242699653 15 21.2652 192.72 19.4399986 36.3000031 65.41623 14.09307 4.009895 23.80845 21.7019138 74.333824 31.730048 0 0].';
F = [
9.57555e-06 0 0 0 0 0 4.787775e-06 0 0.0001196944 9.57555e-07 0.0005927266 2.872665e-05 0 9.57555e-05 0 1.91511e-05 0 0 0 0 0 0 0 0 0 0 0 0 0 0 0 0 0 9.57555e-06 9.57555e-06 6.702885e-05 0 0 0 0
0 7.979629e-06 0 0 0 0 0 3.989814e-06 9.974536e-05 7.979629e-07 0.0004979288 2.393889e-05 3.989814e-06 0 5.186759e-05 5.58574e-05 0 0 0 0 0 0 0 0 0 0 0 0 0 0 0 0 0 1.595926e-05 1.595926e-05 1.994907e-05 0 0 0 0
0 0 1.994907e-06 0 0 0 0 0 7.979629e-05 3.989814e-06 0.000237394 1.595926e-05 0 3.191852e-05 0 7.979629e-06 0 0 0 0 0 0 0 0 0 0 0 0 0 0 0 0 0 5.984722e-06 5.984722e-06 7.979629e-06 0 0 0 0
0 0 0 0 9.99689e-06 3.124028e-06 3.748834e-06 3.748834e-06 1.624495e-05 1.874417e-06 4.123717e-05 3.748834e-06 1.249611e-06 1.999378e-05 6.248056e-06 3.748834e-06 0 6.248056e-07 3.748834e-06 2.499223e-06 0 0 6.248056e-07 1.249611e-06 0 1.249611e-06 0 0 0 0 0 0 0 0 0 0 0 0 0 0
0 0 0 0 0 0 0 0 0 0 0 0 0 0 0 0 0.0005055087 0.0005055087 0.01263772 0.007582631 0.006066105 0 0 0.005055087 0.001011017 0.005055087 0.002527544 0.002022035 0 0.007582631 0 0 0 0 0 0 0 0 0 0
0 0 0 0 0 0 0 0 0 0 0 0 0 0 0 0 0 0 0 0 0 0 0 0 0 0 0.002974733 0.0178484 0.0267726 0.002974733 0.0005949466 0.002974733 0.001189893 0.0005949466 0.0005949466 0.002974733 0 0 0 0
0 0 0 0 0 0 0 0 0 0 0 0 0 0 0 0 0 0 0.002582567 0.001291284 0 0 0 0.003873851 0 0 0 0 0 0.007747701 0 0 0.01291284 0.03228209 0.05165134 0.01678669 0 0 0 0
0 0 0 0 0 0 0 0 3.332209e-05 0 0.001299562 0 0 0 0 0 0 0 0.002665767 0.0003332209 0 0 0 0.001666105 0 0 0 0 0 0.002332546 0 0 0.003332209 0.004998314 0.01332884 0.003332209 0 0 0 0
0 0 0 0 0 0 0 0 0 0 0 0 0 0 0 0 0.001582762 0.001055175 0.01055175 0.002637937 0.008968987 0.00211035 0 0.002637937 0.001055175 0.0005275875 0.0005275875 0 0 0.01318969 0 0 0.001055175 0.0042207 0 0.002637937 0 0 0 0
0 0 0 0 0 0 0 0 0 0 0 0 0 0 0 0 0 0 0.001946185 0.001556948 0.00389237 0.00389237 0 0.001946185 0.001167711 0.000389237 0.000389237 0.000389237 0 0.001946185 0 0 0.0005838555 0.0005838555 0 0.000778474 0 0 0 0
0 0 0 0 0 0 0 0 0 0 0 0 0 0 0 0 0 0 0.1456778 0.0809321 0.1618642 0.2427963 0 0.06474568 0 0.01618642 0.01618642 0.01618642 0 0.06474568 0 0 0 0 0 0 0 0 0 0
0 0 0 0 0 0 0 0 0 0 0 0 0 0 0 0 0 0.0003132072 0.0003132072 0.0001566036 0.01346791 0 0 0.000783018 0 0 0 0 0 0.0006264144 0 0 0 0 0 0 0 0 0 0
0 0 0 0 0 0 0 0 0 0 0 0 0 0 0 0 0 0.0008886481 0.003554592 0.00444324 0.00444324 0 0 0 0.0008886481 0.00222162 0 0.006664861 0.003554592 0.007553509 0 0 0.003554592 0 0 0.006664861 0 0 0 0
0 0 0 0 0 0 0 0 0 0 0 0 0 0 0 0 0.02060887 0.008243548 0.06182661 0.01236532 0.08243548 0.004121774 0 0.0164871 0.0164871 0.02060887 0.004121774 0.04121774 0.02060887 0.04121774 0 0 0.02060887 0 0 0.04121774 0 0 0 0
0 0 0 0 0 0 0 0 0 0 0 0 0 0 0 0 0 0.0002433287 0.001216644 0 0.01216644 0 0 0 0 0.001216644 0 0.002433287 0.001216644 0.002433287 0 0 0.001216644 0 0 0.002189958 0 0 0 0
0 0 0 0 0 0 0 0 0 0 0 0 0 0 0 0.001924 0.002886 0.002886 0.001924 0.002886 0.01443 0.003848 0 0.003848 0.00962 0.00962 0.011544 0.00481 0.000962 0 0.000962 0 0.001924 0.002886 0.00962 0.00481 0 0 0 0.00481
0 0 0 0 0 0 0 0 0 0 0 0 0 0 0 0 0 0.002692673 0.002692673 0.002692673 0.005385346 0.005385346 0 0.005385346 0.005385346 0 0.02692673 0.01346336 0.08347286 0.02692673 0.02692673 0.02692673 0.008078019 0.005385346 0 0.008078019 0.01077069 0.002692673 0 0
0 0 0 0 0 0 0 0 0 0 0 0 0 0 0 0 0.003669397 0.003669397 0.007338794 0.007338794 0.01834699 0.007338794 0 0.007338794 0.01100819 0.01834699 0.05504096 0.02935518 0.02935518 0.06604915 0.01100819 0.05504096 0 0 0 0 0.02568578 0.01100819 0 0
0 0 0 0 0 0 0 0 0 0 0 0 0 0 0 0 0 0 0.02522712 0 0.0630678 0.0630678 0 0.07568137 0 0 0 0 0 0.03784068 0 0 0.1892034 0.1892034 0.1892034 0.2522712 0 0.1261356 0.05045424 0
0 0 0 0 0 0 0 0 0 0 0 0 0 0 0 0 0 0 0 0.01619199 0.04047999 0.04047999 0 0.03238399 0 0 0 0 0 0.05667198 0 0 0.12144 0.08905597 0.12144 0.1619199 0 0.04857598 0.08095997 0
0 0 0 0 0 0 0 0 0 0 0 0 0 0 0 0 0 0 0 0 0 0 0 0 0 0 0.2188907 0.2918543 0.2918543 0.1459272 0.07296358 0.1459272 0 0 0 0 0.2188907 0 0 0.07296358
0 0 0 0 0 0 0 0 0 0 0 0 0 0 0 0 0 0 0 0 0 0 0 0 0 0.03533807 0.08834517 0.2650355 0.6184162 0.08834517 0.1766903 0.2650355 0 0 0 0 0.1766903 0 0 0.0530071
0 0 0 0 3.97459e-08 0 0 0 3.97459e-08 0 3.97459e-08 3.97459e-08 0 0 0 0 1.987295e-07 7.949181e-08 5.961886e-07 5.961886e-07 1.987295e-07 3.179672e-07 3.97459e-08 2.384754e-07 1.589836e-07 1.987295e-07 1.987295e-07 3.97459e-08 0 1.987295e-07 0 0 1.987295e-07 3.97459e-07 3.97459e-08 1.192377e-07 0 0 0 0
0 0 0 0 0 0 0 0 0 0 0 0 0 0 0 0 0 0 0 0 0.0154521 0 0 0 0 0.007726048 0.03863024 0.0154521 0.154521 0.154521 0.0154521 0.03863024 0.04635629 0 0.03863024 0.03863024 0.07726048 0.07726048 0 0.05408234
0 0 0 0 0 0 0 0 0 0 0 0 0 0 0 0 0 0 0 0 0.00168481 0.00168481 0 0 0.00168481 0.00168481 0.01432088 0.004212024 0.004212024 0.01263607 0.004212024 0.0168481 0.00168481 0.00168481 0 0.005054429 0.007581643 0.0008424048 0 0.004212024
0 0 0 0 0 0 0 0 0 0 0 0 0 0 0 0 0.004853993 0.004853993 0.02426997 0.02426997 0.03883194 0.03883194 0 0.004853993 0 0.01941597 0.08737187 0.01941597 0.06310191 0.04853993 0.04853993 0.05824792 0 0 0 0 0 0 0 0
0 0 0 0 0 0 0 0 0 0 0 0 0 0 0 0 0 0 0 0 0 0 0 0 0 0 0 1.4625 4.275 0.45 1.125 6.75 0 0 0 0 4.95 2.3625 0 1.125
0 0 0 0 0 0 0 0 0 0 0 0 0 0 0 0 0 0 0 0 0 0 0 0 0 0 0.283536 0.0283536 15.84966 0.283536 1.41768 2.83536 0 0 0 0 4.25304 2.268288 0 1.134144
0 0 0 0 0 0 0 0 0 0 0 0 0 0 0 0 0 0 0 0 0 0 0 0 0 0 0 0 0 0 0 12.848 0 0 0 0 179.872 51.392 0 12.848
0 0 0 0 0 0 0 0 0 0 0 0 0 0 0 0 0 0 0 0 0 0 0 0 0 0 0 0.2592 1.296 0.1296 0.2592 0.2592 1.296 1.296 1.296 2.592 7.776 4.2768 2.592 2.592
0 0 0 0 0 0 0 0 0 0 0 0 0 0 0 0 0 0 0 0 0 0 0 0 0 0 0 2.42 4.84 0.968 0.484 4.84 0 0 0 0 21.78 10.648 0 2.42
0 0 0 0 0 0 0 0 0 0 0 0 0 0 0 0 0 0 0 0 0 0 0 0 0 0 0 0 0 0 0 0 0 0 0 0 73.59326 16.68114 0 7.849948
0 0 0 0 0 0 0 0 0 0 0 0 0 0 0 0 0 0 0 0 0 0 0 0 0 0 0.2168165 0.2168165 0.6504494 0.2168165 0.4336329 0.6504494 0.2168165 0.2168165 0 2.168165 0.8672659 2.601798 13.2258 0
0 0 0 0 0 0 0 0 0 0 0 0 0 0 0 0 0 0 0 0 0 0 0 0 0 0 0 0.0801979 0.1603958 0.4009895 0.0801979 0.2405937 0.801979 0.0801979 0.801979 1.202969 0.2405937 0.6415832 3.288114 0
0 0 0 0 0 0 0 0 0 0 0 0 0 0 0 0 0 0 0 0 0 0 0 0 0 0 0 0 1.006666 0 1.677777 1.677777 0 0 0 0 1.677777 4.026664 23.48887 0
0 0 0 0 0 0 0 0 0 0 0 0 0 0 0 0 0 0 0 0 0 0 0 0 0 0 0.3616986 0 0 0 0.3616986 0.3616986 0.3616986 0.3616986 0.3616986 0.3616986 1.808493 7.957368 23.87211 0
0 0 0 0 0 0 0 0 0 0 0 0 0 0 0 0 0 0 0 0 0 0 0 0 0 0 0 0 0 0 0 0 0 0 0 0 0 0 0 0
0 0 0 0 0 0 0 0 0 0 0 0 0 0 0 0 0 0 0 0 0 0 0 0 0 0 0 0 0 0 0 0 0 0 0 0 0 0 0 0
