food_web_filename = 'Iceland_227';
crc = 'crc_758d8c88';
n = 24;
l = 23;
b0 = [0.276330471 2.6943922 0.173980668 0.0371660925 2.5140295 0.2205993 0.6684807 0.876850963 3.07928371 0.6771075 0.8691281 2.06480074 1.1238687 4.117449 15.808238 0.435383052 1.00257373 1.16746259 64.6882553 7.80885935 18.1160183 3685 4.59671259 200].';
p = [0 0 0 0 0 0 0 0 0 0 0 0 0 0 0 0 0 0 0 0 0 19589.46 1103.2110216 0].';
q = [0.000666856288940398 0.0409522307488296 0.000876985450480985 0 0.803802665566071 0 0.140433850663058 0.165489172690755 0.315124546303685 8.96107679896678e-05 0.0423309014341107 0.071259420661663 0.19984622027099 3.4525003039688e-05 0.00177717687645339 3.49278732490523e-05 1.61848494442725e-06 0 0 0 0 0.0265416958788104 0 16842.2708067972].';
r = [0.35502674211493 9.00626684502873 1.39147548974921 1.3711543681575 3.4023602028737 0.559583510621801 0.95467812569536 1.17958657155392 3.48417466307062 0.904394659923629 1.08684787229885 2.33203482351928 3.17848010945722 16.3876128428161 18.5183649186281 0.214525565298488 4.6567436394481 3.83342670655094 199.746977374736 16.0893788673975 111.159863873604 3264.90949305007 183.868501574993 0].';
F = [
0.000668623012969978 0.00372825139808204 0.00334322484911829 0.00321424117874308 0.0142750048686787 0.0129379561566797 0.0125450693397027 0.0149659609058791 0.0450395869568507 0.0141723026641302 0.0122169269716088 0.0116695451123011 0.0185985269541012 0.0185985316374722 0.0144774226519269 0.00903238481259151 0.00930550160818886 0.202441406272262 0.00717519633251748 0.015237878793939 0.00189707796371048 0 0 0
0 0 0 0 0.0759620275735804 0.0688471486602332 0.0667564678164049 0.0796388334333882 0.155850594749086 0.0754155151369437 0.0650103136229373 0.0620975135032514 0.454540225559505 0.454540340019137 0.0770391596217956 0.0475077218137315 0.0932270171217223 0.131906634678924 0.071884588226246 0.0810857985518294 9.25609282293865 0 0 0
0 0.000592059835947951 0.00160515211803779 0.0042633510401324 0.0782229408961894 0.0708962966437935 0.0486490279112065 0.082009182214984 0.0131311904825253 0.0776601622106329 0.066945263082188 0.0639457671645217 0.222818163508853 0.222818219617605 0.079332132412481 0.00331798782193272 0.161022669479706 0.188933224805468 0.124159805258239 0.0834992144133615 0.153187497069651 0 0 0
0 0 0 0 0 0 0 0 0 0 0 0 0.0114220881293935 0.913767580450924 0.0301748153340814 0 0 0 0.447079389580004 0.0896536603346186 0.161851496903916 0 0 0.069832852260492
0 0 0 0 0 0.0273203458805987 0.0174507331820688 0.0314326480409255 0.0609921822516756 0.0308556662214323 0.143608836962155 0.101611047359765 0.0338132244623753 1.82560216073166 0.327748384164669 0 0.634976991734889 0 0.485198643487126 0.56389052468014 1.38609897348508 0 0 0
0 0 0 0 0 0 0 0 0 0 0 0 0 0 0 0 0.170492963820501 0 0.359329588335641 0.0922681516684096 0.36273139306125 0 0.134344998520412 0
0 0 0 0 0 0 0 0 0.00557205009236439 0 0.0108465724488905 0 0 0.196981217342836 0 0 0.0583292667471638 0 0.683634721242676 0.0251246814696866 0.610641688318933 0 0 0
0 0 0 0 0 0.00169957240120027 0.016479614989184 0 0.0192369015670683 0 0.00320971206667597 0 0.00204016866587959 0.591649152090621 0.00190180177469709 0 0 0 0.106474049635992 0.520441484370491 0.7018182865748 0 0 0.00102696475429565
0 0 0 0 0 0.025652120495202 0 0 0 0 0 0 0 0.184757016266579 0.1148176435049 0 0.067735566210177 0 0.602640961626274 0.24169744676504 4.56965691258627 0 0 0
0 0 0 0 0.0821747045070894 0.0494168722321494 0 0 0.246062209416182 0.0881983869201609 0 0.193157535277047 0 0.471179541484104 0.110593942507015 0 0.0669168395684772 0.0205140313253141 0.0219289043878048 0.15520408768525 0.00197737496217446 0 0 0
0 0 0 0 0 0.0217991008272924 0 0 0.148042096877225 0 0 0 0 0.0968203885243664 0 0 0.073058824953716 0 0.853537461575716 0.513484590920707 0.104670697997737 0 0 0
0 0 0 0 0.0229766993850096 0.0403932319091775 0 0 0.0942706324002783 0 0 0.00751291895549625 0 0.18495681628417 0 0.00196157061468474 0.139568310559285 0.119682506948858 1.49357949337281 0.980929334993038 0.199956896174991 0 0 0.301957394118638
0 0 0 0 0 0 0 0 0 0 0 0 0 0 0 0 0 0 0 0 4.7769249086214 0 0.530769494154452 0
0 0 0 0 0 0 0 0 0 0 0 0 0 0 0 0 0 0 0 0 24.5814195297779 0 2.73126896991959 0
0 0 0 0 0 0 0 0 0 0 0 0 0.0301958050548036 0 0.719281085429367 0 0 0 3.77512442701697 0.454201666613751 23.5109895502543 0 0 0
0 0 0 0 0 0 0 0 0 0 0 0 0 0 0 0 0 0 0.0852080088093211 0 0.217691495835743 0 0.0217691497602488 0.0328739725054998
0 0 0 0 0 0 0 0 0 0 0 0 0 0 0 0 0 0 1.79533865404195 0 5.0454519034847 0 0.458677494948426 0.461771182768137
0 0 0 0 0 0 0 0 0 0 0 0 0 0 0 0.00607851259623289 0 0 1.13320965089429 1.27825092523357 2.60563695015633 0 0 0.874403655777628
0 0 0 0 0 0 0 0 0 0 0 0 0 0 0 0 0 0 0 0 0 129.376479911419 0 151.957303331067
0 0 0 0 0 0 0 0 0 0 0 0 0.0410170532825973 0.0277056624392922 2.5826519351563 0 0 0 0.614516859371242 0 23.5497395495131 0 0 0
0 0 0 0 0 0 0 0 0 0 0 0 0 0 0 0 0 0 0 0 0 0 363.860195992682 0
0 0 0 0 0 0 0 0 0 0 0 0 0 0 0 0 0 0 0 0 0 0 0 0
0 0 0 0 0 0 0 0 0 0 0 0 0 0 0 0 0 0 0 0 0 0 0 0
0.0891783990019833 2.26586333602265 0.349708455815741 0.345149922593934 1.19082611696306 0.240620939557344 0.334137308048174 0.412855340034715 1.2194610132684 0.316538126410608 0.380396762777569 0.744457234142892 1.11492281740801 5.73566450498564 5.91163211629232 0.0750839560666107 1.6298600254925 1.40067518406169 68.9267854645285 5.63128274585488 150.901897113372 16195.1474853426 551.605493924978 8421.13323428417
];

