food_web_filename = 'Icelandic_shelf_68';
crc = 'crc_4f442639';
n = 21;
l = 20;
b0 = [1.745 0.017 1.3 1.33604789 0.2 0.213 2.133 0.153 0.851879954 1.29796171 0.867262065 2.692 6.730761 0.013 1.684222 0.739102244 16.2854271 8.804614 30 162.667 200].';
p = [0 0 0 0 0 0 0 0 0 0 0 0 0 0 0 0 0 0 0 9760.02 0].';
q = [0 0 0.27 0 0.06 0.05 0.12 0.04 0.04 0.03 0.09 1.67 0.03 0 0.08 0.02 0 0 0 0 7636.03885083843].';
r = [6.96255 0.475830019 2.69099975 2.845782 0.4484 0.416202 6.93224955 0.333846 2.19785023 2.53102541 2.58513474 5.518599 20.2932453 0.01599 6.36635876 3.39987016 81.42714 19.37015 330 1626.67 0].';
F = [
0 0 0.1745 0.08725 0.0698 0.026175 0.08725 0 0.08725 0.43625 0 1.047 0.1745 0 0.08725 0 0.514775 1.5705 4.3625 0 0
0 0 0 0 0 0 0 0 0 0 0.002975 0.230265 0.00833 0 0 0 0.248115 0.0238 0.045815 0 0.0357
0 0 0 0.1612 0.02015 0.05239 0.20956 0.02015 0.10881 0.0806 0.02015 1.0881 0.20956 0 0.44733 0 0.4433 0.34255 0.82615 0 0
0 0 0 0 0 0 0 0 0 0 0 0 0 0 0.6212623 0 1.698117 0.2899224 1.118272 0.4141748 0
0 0 0 0 0 0 0.00228 0 0.00532 0 0 0.076 0 0 0.0266 0 0.40432 0.00988 0.2356 0 0
0 0 0 0.0007029001 0.007029 0 0.007029 0 0.0014058 0 0.0007029001 0.203841 0.0007029001 0 0 0 0.056232 0.182754 0.2417976 0 0.0007029001
0 0 0 0.0479925 0 0 0 0 0 0 0 0.287955 0.19197 0 0.1247805 0 1.439775 0.38394 7.122087 0 0
0 0 0.01071 0.016065 0 0 0.02142 0 0 0 0 0.04284 0.03213 0 0.02142 0 0.026775 0.133875 0.069615 0 0.16065
0 0 0 0.03066768 0 0 0.1840061 0 0 0 0 0.1134704 0 0 0.1012033 0 1.533384 0.6133536 0.1226707 0 0.3680121
0 0 0.02007157 0.1003579 0 0 0.08028629 0 0 0.008028629 0 0.1485296 0 0 0.1324724 0.1204294 1.838556 0.8028629 0.1605726 0 0.4817177
0 0 0 0 0 0 0 0 0 0 0 0 0 0 0 0 0 0 3.590465 0.3989405 0
0 0 0 0 0 0 0 0 0 0 0 0 0 0 0 0 0 0 12.114 1.346 0
0 0 0 0 0 0 0 0 0 0 0 0 0 0 0 0 0 0 24.23074 6.057685 0
0 0 0 0 0 0 0 0 0 0 0 0 0 0 0 0 0.0078 0 0.013 0.0013 0.0039
0 0 0 0 0 0 0 0 0 0 0 0 0 0 0 0 3.0316 0 5.557933 0.5052666 1.010533
0 0 0 0 0 0 0 0 0 0 0 0 0 0 0 0 1.552115 0.665192 1.330384 0 0.8869227
0 0 0 0 0 0 0 0 0 0 0 0 0 0 0 0 32.57085 0 0 32.57085 97.71256
0 0 0 0 0 0 0 0 0 0 0.4622422 0.03081615 3.081615 0 0 0 1.047749 0 26.19373 0 0
0 0 0 0 0 0 0 0 0 0 0 0 0 0 0 0 0 0 0 600 0
0 0 0 0 0 0 0 0 0 0 0 0 0 0 0 0 0 0 0 0 0
1.76245 0.11917 0.8637184 0.8517305 0.154621 0.158133 1.954419 0.141504 0.6261318 0.8079812 0.8282006 3.002583 6.266372 0.01001 2.096654 0.8943137 35.01367 6.427368 182.6647 7492.056 0
];

