food_web_filename = 'Independence_Bay_490';
crc = 'crc_069a78a2';
n = 20;
l = 19;
b0 = [28.27 324.892 7.049 7.925 25.244 70.679 82.134 28.104 9.974 27.781 11.567 0.315 1.774 5.869 1.36 0.052 0.056 51.398 69.204 559.141476558593].';
p = [0 0 0 0 0 0 0 0 0 0 0 0 0 0 0 0 0 15741.8504928 1315.429632 0].';
q = [0 0 2.23 1.458 0.177 0 1.389 1.326 0 3.417 0 0.749 0.977 0.298 0.584 0 0 0 0 9410.06197695544].';
r = [2677.582 1166.29724 45.4914246 12.0475864 32.751564 236.845337 235.6589 59.9121 30.5663223 159.6352 22.1068516 1.346562 12.4779606 86.59944 7.57710361 2.03676724 2.800784 2623.6417488 219.238272 0].';
F = [
943.6139 0 0 0 0 0 0 0 0 0 0 0 0 0 0 0 0 3486.405 0 536.37
92.97142 0 0 0 0 0 0 0 0 0 0 0 0 0 0 0 0 534.1299 0 1195.868
0 0 0 0 0 0 0 0 0 0 0 0 0 0 0 0 0 55.68089 0 15.06992
0 1.846604 0 0 0 0 0 0 0 0 0 0 0 0 0 0 0 0 16.63996 2.031265
0 0 0 0 0 0 0 0 0 0 0 0 0 0 0 0 0 0 54.91009 15.21774
0 0 0 0 0 0 0 0 0 0 0 0 0 0 0 0 0 0 73.23581 310.1978
77.82238 0 0 0 0 0 0 0 0 0 0 0 0 0 0 0 0 282.9542 0 38.31255
0 52.86522 2.390889 0 6.110051 21.11952 26.03413 0 2.656544 0 0 0 0 0 0 0 0 0 0 21.78366
0.0987825 22.81876 0.5433037 1.481737 1.827476 7.359296 8.100165 0 0.7408687 0 0 0 0 0 0 0 0 0 0 6.420862
0 80.22008 3.021989 0 8.791242 25.82427 36.81333 29.67044 4.120895 52.47273 6.868158 0 0 0 0 0 0 0 0 26.92318
0 14.45338 0.5269463 1.204449 1.242088 3.989736 6.172799 5.457658 0.5269463 0 0 0 0 0 0 0 0 0 0 4.065014
0 0 0.2342545 0 0.2486701 0.6991595 0.7928613 0.9189983 0.1621762 0 0 0.5477951 0 0 0 0 0 0 0 0
9.488306 3.828615 0 0 0 0.05548717 0 0.01849572 0 0.01849572 0 0 0.01849572 0.01849572 0 0 0 0 4.346495 0.7028375
24.24991 0 0 0 0 0 0 0 0 0 0 0 0 0 0 0 0 98.22438 0 0
5.067578 0 0 0 0 0 0 0 0 0 0 0 0 5.714502 0 0 0 0 0 0
0 0 0 0 0 0 0 0 0 0 0 0 0.6406835 1.784214 0.1276262 0 0 0 0 0
0 0 0 0 0 0 0 0 0 0 0 0 0.3258125 3.177548 0 0 0 0 0 0
0 0 0 0 0 0 0 0 0 0 0 0 0 0 0 0 0 0 0 0
0 0 0 0 0 0 0 0 0 0 0 0 0 0 0 0 0 0 0 0
1135.495 480.639 16.312 4.326054 18.97974 87.54078 84.12795 35.65632 10.6175 59.1829 8.66401 0.9605578 4.055771 24.88209 2.49335 0.5157568 0.702576 8660.814 947.059 0
];

