food_web_filename = 'Irish_Sea_448';
crc = 'crc_daba2610';
n = 53;
l = 50;
b0 = [8e-05 0.00034 0.011 0.0511 0.0014 0.0128 0.3569997 0.195838585 0.070000045 0.174273551 0.200000063 0.0835295543 0.507 0.16 0.03 1.3 0.134 0.1 0.0894 0.229 0.152 0.444 1.143 0.125 0.089 0.194 0.544 1.026 3.643 0.288 0.115068965 0.103 13 8.974838 22.726347 8.007106 24.7727375 0.098 0.35 0.250298232 4.84659672 7.5 6.31398869 5.43950558 5.260737 10.3156509 19.7789555 75 3.92 9.667414 18.5763779780959 8.19332004028521 0.193].';
p = [0 0 0 0 0 0 0 0 0 0 0 0 0 0 0 0 0 0 0 0 0 0 0 0 0 0 0 0 0 0 0 0 0 0 0 0 0 0 0 0 0 0 0 0 0 0 0 5400 2761.248 1769.136762 0 4.13891143580258e-13 11.664906680525].';
q = [9.99920508526039e-08 9.99950028526244e-07 0 0 1.00002848981891e-07 0.00290013305156727 0.204215882787194 0.000101002408022423 0.0412200406462933 1.10002177688354e-05 0.101373808461165 3.00005138778481e-06 0.115145175392612 0.00701633225133467 0 1.00001621981672e-06 0.00100400157380146 0.0408997730986837 0.00204588676801009 6.99973339555925e-05 0.000817986156070981 0.0136970674729118 0.0231416370227503 0.000262980572605512 9.99998605198516e-06 0.0375817831545529 0.0540676899169461 0.00705205199713865 0.671798785700448 0.11332524641047 3.89966509079097e-05 0.0833388033205355 0.324022318758135 0.00941909528245075 0.00103000160680638 1.99929040193826e-05 0 0.00768185124168865 0.117396823377116 0.00208001946623191 0.00801903963705469 0.00260502826835945 0 0 0 0 0 0.00410399929196036 0 0 7048.3713933544 0 23.3275421218061].';
r = [0.000553236018957287 0.00271306441739741 0.127355968167757 3.32396993589202 0.0040461152698073 0.0210369099011921 0.509771177493359 0.835895428781654 0.124524015874539 0.977517584695623 0.389768457651192 0.519908452495348 0.777685187963666 0.240137134000933 0.0300570139498141 3.22769203172404 0.367160568279017 0.292044065591169 0.174320334144637 0.591530315546136 0.418935309769134 1.0576130998915 1.10840523516042 0.244231957638389 0.143912799269934 0.207462876558309 1.50518352797859 2.68608810542624 16.334347214327 1.95933149741595 0.256121503893081 1.15358337870024 53.9790586985629 40.3769676639295 83.7012566742748 53.9287293480066 137.93421214533 0.332507548470668 1.10744810506106 2.50776133933027 17.0423320379983 38.737916199216 116.493126481883 43.5166659360288 52.6085755943675 175.370686343905 356.039050166682 899.999936833407 460.207934266677 294.856144885133 0 0 0].';
F = [
0 0 0 0 0 1.16941234222163e-05 1.16970412526842e-05 1.16978988923887e-05 1.16970639916766e-05 1.1697851579735e-05 1.16966748469304e-05 1.16978203715931e-05 1.16968251506788e-05 1.16965068362345e-05 1.16964591686295e-05 6.88106360778028e-05 1.16976374043032e-05 1.17009881577633e-05 1.16969714168358e-05 1.16971753827195e-05 1.16974220280917e-05 1.16976776237484e-05 6.8790605475621e-05 1.16967559152916e-05 1.16976036841423e-05 1.16910198192793e-05 1.16979633417683e-05 1.16977062511017e-05 6.87782723814033e-05 1.37603514141439e-06 0 0 3.4402566749409e-06 3.4404746421059e-06 0 3.43925532244947e-06 3.44046632581612e-06 2.95875259234347e-05 2.95956184427006e-05 0.000137620287943928 2.95882462507966e-05 0 0 0 0 0 0 0 0 0 0 0 0
0 0 0 0 0 6.78439844462903e-06 6.78609123713453e-06 6.78658880067712e-06 6.78610442926356e-06 6.78656135202769e-06 6.78587866518395e-06 6.78654324648344e-06 6.78596586458151e-06 6.785781193021e-06 6.78575353844497e-06 0.000508990255594752 6.78643709718501e-06 6.78838105191697e-06 6.78605072155217e-06 6.78616905327946e-06 6.78631214570455e-06 6.78646043067753e-06 6.78456153081874e-06 6.78592569735934e-06 6.78641753428155e-06 6.78259787538767e-06 6.78662619127536e-06 6.78647703896563e-06 0.000508750862282303 0 6.78584422130803e-06 6.78632921980108e-06 0 0 0 0 0 0 0 6.78649051257782e-06 0 0 0 0.000553101793848753 0.000553106475158822 0.00055310839751304 0.000553121563605295 0 0 0 0 0 0
0 0 0 0 0 0 0 0 0 0 0 0 0 0 0 0.04005319964502 0 0 0 0 0 0 0.0400415402598737 0 0 0 0 0 0.0400343614294908 0 0 0 0.00496619939223548 0.00496651403980531 0 0.00496475388493641 0.00496650203478442 0.00128165713244851 0.0012820076800091 0.0160211699369667 0.0014418991271171 0 0 0 0 0 0 0 0 0 0 0 0
0 0 0 0.0422782344019053 0 0 0.0422814979920346 0.131082225162495 0.0211407850937703 0.0464663498838709 0.0211400817698031 0 0.101372211324456 0.0295956933596197 0.0126838211765127 0.625181440163903 0.0126850988734955 0.0422957649383138 0.0845624911103637 0.0511100372740824 0.109935439408096 0.270616333078924 0.164860670246832 0.00422804665780103 0.0422835310227859 0.0422597322122176 0.0169139364334965 0.236789845930752 0.0253586289667049 0.0042278831952825 0 0.0169131963077703 0.219860683325687 0.219874613219404 0.44397839260796 0 0 0.00845655392039965 0 0 0.710367811254347 0 0 0 0 0 0 0 0 0 0 0 0.422794735440519
0 0 0 0 0 0 0 0 0 0 0 0 0 0 0 0 0 0 0 0 0 0 0 0 0 0 0 0 0 0 0 0 0 0 0 0 0 0 0 0 0 0 0 0.00129501871659768 0.00129502967730008 0.0012950341782522 0.00129506500501155 0 0 0 0 0 0
0 0 0 0 0 0 0 0 0 0 0 0 0 0 0 0.0113205036135156 0 0 0 0 0 0 0 0 0 0 0 0 0.0229732427048904 0 0 0 0 0 0 0 0 0 0 0 0 0 0 0 0 0 0 0 0 0 0 0 0
0 0 0 0 0 0.00267669965881814 0 0 0.0149932873089739 0.00535510701384832 0 0 0.0315923531644149 0 0 0.0128522084570844 0.00535500896743792 0.00535654289383742 0 0.0107095929213742 0 0.00214201055172497 0.0385454016350942 0 0 0 0.00214206287074359 0.0385562842883831 0.0203397591596217 0 0 0 0.708956902205425 0.0439109826691167 0.0053550093538347 0 0 0 0.0524923451053183 0.00428404009295073 0.0589053011611301 0 0 0 0.00214204908785851 0.00214205653267661 0.00214210752180289 0 0 0 0 0 0
0 0 0 0 0 0 0 0.0152076825699758 0 0 0 0 0 0 0 0.0608302766399348 0 0 0 0 0 0 0 0 0 0 0 0 0 0 0 0 0 0.0760365799897153 0.2281101558527 0 0 0 0 0 0.0760369358405396 0 0 0 0.228115027554429 0.380193033969464 0.38020208401568 0 0 0.0760366146121643 0 0 0
0 0 0 0 0 0 0 0 0 0 0 0 0 0 0 0.00980015895420383 0 0 0 0.00167993614452929 0 0 0.000839769098803795 0 0 0 0 0 0 0 0 0 0.130751664250898 0.0587999767926958 0.0330400515426045 0.0139950328135678 0.0139999606337686 0 0 0.00168001572272578 0.0120400595124253 0.000840009025036243 0 0 0.000560012833427061 0.000560014779784735 0.000560028110275265 0.000839999941044513 0 0 0 0 0
0 0 0 0 0 0 0 0 0 0.0184101644618824 0 0 0 0 0 0 0 0 0 0 0 0 0 0 0 0 0 0 0 0 0 0 0 0.0736391609359339 0.0920491335969941 0 0 0 0 0 0.0920494449882592 0 0 0.184100660763089 0.276153328414969 0.460257147003617 0.276160861728899 0 0 0.368196022333721 0 0 0
0 0 0 0 0 0 0 0 0 0 0 0 0 0 0 0.0145202355117387 0 0 0 0.00725972405314445 0 0 0 0 0 0 0.00726021309131581 0 0 0 0 0 0.0725953718615416 0.181499928365209 0.181500283141123 0.152405907339754 0.108899693786957 0 0 0 0 0 0 0 0 0 0 0 0 0 0 0 0
0 0 0 0 0 0 0 0 0 0 0 0.00849315747902436 0 0 0 0 0 0 0 0 0 0 0 0 0 0 0 0 0 0 0 0 0 0 0.178353578232252 0 0.042464930593644 0 0 0 0.127395829700774 0 0 0 0.10191843559435 0.169864683030698 0.13589502116912 0 0 0.0849301151516186 0 0 0
0 0 0 0 0 0 0 0.0301165180150663 0 0.0301163962075177 0 0 0.0150568768207898 0.0150564670667482 0 0.16563958660016 0.0752896120194781 0.0451867071030134 0 0.0090343965966813 0 0.0752898708842659 0.0361290260367933 0.0752839384835844 0 0 0.00903500518245656 0.177684510127338 0.21673533194091 0 0 0 0.174660464953863 0.0255984198967593 0.0180695081885006 0 0 0 0.00150617262665849 0.0240928654773643 0.127992832651681 0 0 0 0.0527038577778834 0.0527040409532535 0.0527052955107119 0 0 0 0 0 0
0 0 0 0 0 0 0 0 0 0 0 0 0 0 0 0 0 0 0 0 0 0 0 0 0 0 0 0 0 0 0 0 0.041277368463422 0.103199959268813 0.103200160992639 0.103163384740014 0.0619198258887823 0 0 0 0 0 0 0 0 0 0 0 0 0 0 0 0
0 0 0 0 0 0 0 0 0 0 0 0 0 0 0 0.0148655411124414 0 0 0 0 0 5.97002940886933e-05 0 0 0 0 0 0 0.00895093337630412 0 0 0 0.0164164534095986 0.00746249705468524 0.00746251164154619 0.00298394092489286 0.00149249580327855 0 0 0 0 0 0 0 0 0 0 0 0 0 0 0 0
