food_web_filename = 'Jalisco_and_Colima_Coast_307';
crc = 'crc_7d5b0cca';
n = 38;
l = 36;
b0 = [0.338 1.843816 0.824 1.500231 4.780345 0.947287738 0.393816 2.154902 1.549 0.026800001 0.467788517 0.1473808 2.541 1.4256773 0.621396 2.888723 2.484356 1.00267041 6.379234 36.9119072 0.144356787 4.54114676 20.50324 15.4300489 3.1266 0.480421752 0.2091987 0.418997616 0.5249307 3.813372 0.2753527 1.583893 27.093 13.7384529 22.94994 40.961 2.157 116.302359614558].';
p = [0 0 0 0 0 0 0 0 0 0 0 0 0 0 0 0 0 0 0 0 0 0 0 0 0 0 0 0 0 0 0 0 0 0 0 3490.80497156532 7.74208625562598 0].';
q = [0 0.141184 1.60030907712356 0.907769 0.424655 0.034542 0.02727 0.183098 1.69344268658926 0 0.270235 0.014544 0 0.049086 0.454191983 0.225399 0.095445 0.14329 0.509706 0.000909 0.029138 0.215433 0.913674 0.464499 1.0248 0.140286 0.115443 0.68354 0.080901 0.10908 0.026361 0.160893 0 0.015453 6.043066 0 0 1393.25643642301].';
r = [2.34842 3.744989 3.000577 5.32355642 10.9061813 3.69697666 1.94695783 8.764688 4.402624 1.34855461 1.38032007 0.254110932 8.086241 4.16655445 4.649502 19.0787373 6.43512154 2.90487552 10.6824551 321.981476 1.16049325 26.76099 21.0283623 19.2997971 4.44348145 2.07817626 0.9535384 4.486682 1.37568009 8.033727 1.21746314 3.56659675 752.205933 156.588654 78.3894958 581.80082859422 0 0].';
F = [
0 0.3049434 0.2837667 0 0.8258882 0.06352988 0.0169413 0.08470648 0.2668254 0 0 0 0 0 0.008470648 0.5336507 0.02964727 0.0169413 0 0.8385941 0 0.1778836 0 0.02117662 0 0 0 0.008470648 0 0 0 0 0.6141222 0 0 0 0.144001 0
0 0.434645 0.07727021 0 2.192542 0 0 0.6761143 0.3380571 0 0 0.01931755 0 0 0.01931755 0 0.06761143 0 0.1545404 4.88734 0 0 0 0 0.02897632 0 0 0 0 0.4925975 0 0 0 0 0 0 0.1255641 0.1448816
0 0.6022399 0.3098904 0 0 0 0 0.3508194 0.4794531 0 0 0 0 0 0.01169398 0 0 0 1.344808 1.906118 0 0 0 0 0.2748085 0.02923494 0 0 0 0.3040434 0 0 0 0 0.4677591 0 0 0
0.3304389 0.1809546 0.6215398 0.01573518 0 0.1180139 0.02360277 0.04720555 0.1888222 0.007867592 0.007867592 0 0.03933796 0 0.007867592 0 0.1573518 0 1.361093 1.093596 0 0.5979369 0.928376 0 0 0.01573518 0 0 0 0.3147037 0 0 0.771024 0 0.7080833 0 0.3147037 0
0 0 0 0 0.670606 0 0 0 0 0 0 0 0 0 0.02163245 0 0 0 0 18.27942 0 0 0 0 0 0 0 0 0 0 0 0 1.990185 0 0 0 0.6922384 0
0 0 0 0 0 0 0.08639345 0 0 0 0.006170964 0.04319673 0 1.332928 0.01234192 0 0.1110773 0.4257963 2.4437 0 0 0 0 0 0.4319673 0.01234192 0.03702577 0.0308548 0.01851288 0 0 0 0 0.2591804 0.01851288 0 0.7590282 0
0 0 0 0 0 0 0.1375414 0.07037 0 0 0 0 0 0.14074 0.006397273 0.1951169 0.02239046 0.07037 0 1.084338 0.009595909 0.04797956 0 0.7548781 0.02239046 0 0 0.035185 0.02878773 0 0 0 0 0.35185 0 0 0.2175073 0
0 0 0.09633836 0 0.1376262 0 0 0.2202019 0 0 0 0 0.0550505 0 0.01376262 0 0 0 0 9.730175 0.02752524 0 0 0 0.2477272 0.02752524 0 0.06881311 0 0.06881311 0 0 1.4726 0 1.114772 0 0.1513888 0.3303029
0 0.09111905 0.08352581 0 0 0 0.02277976 0.09111905 0.1518651 0 0 0 0 0 0.01518651 0 0 0 2.748758 1.2377 0 0 0 0 0.3037302 0 0 0 0.03796628 0.04555953 0 0 1.3516 0 1.344006 0 0 0
0 0 0.007651387 0 0 0 0 0.08990378 0.003825693 0 0 0 0.009564232 0 0.007651387 0 0 0.03060554 0 1.212745 0.02677985 0 0 0 0 0 0.009564232 0 0 0 0 0 0.2773627 0.02104131 0.02295416 0 0.1931975 0
0 0 0 0 0 0.04474623 0 0.008523092 0 0 0 0 0 0.008523092 0.01278464 0 0.05326932 0.1299771 0 0.2045542 0 0.1555464 0 0 0.02556928 0 0.01491541 0.008523092 0.01917695 0.01917695 0.02130773 0 0.08523092 0.4772931 0.5731779 0 0 0.2684774
0 0 0 0 0 0.04626927 0 0 0 0 0 0 0 0 0.01287908 0 0.001431008 0 0 0.0338672 0 0.01049406 0 0 0 0 0.03148219 0.02766616 0 0 0.01908011 0 0.08872251 0.00715504 0.167905 0 0 0.06248738
0 0 0 0 0 0 0 0 0 0 0 0 0.03160581 0 0 0 0 0 0 0 0 0 1.411726 0.4951578 0 0 0.03160581 0.05267635 0.05267635 0 0.02107054 0 0 0 8.407146 0 0.02107054 0
0 0 0 0 0 0 0.1049158 0.1936907 0 0 0 0.008070449 0.03228179 0 0.0161409 0.3308884 0.468086 0 0 0.234043 0.02421135 0.7101996 0 0 0 0.0161409 0 0.1129862 0.1049158 0 0.0161409 0 0 0 4.341902 0.2179021 0.2179021 0.9119606
0 0 0 0 0 0 0 0 0 0 0 0 0 0 0 0 0 0.116754 0 0.3365263 0.03433942 0 0 0 0.2197723 0 0 0.03433942 0 0.652449 0.02747154 0.1579613 0.1098861 0.1373577 4.83499 0 0.03433942 0.1716971
0 0 0 0 0 0 0.08790132 0 0 0 0 0 0 0 0 0.5274079 0 0 0 4.834573 0 0 0 0 0 0 0.02930044 0.05860088 0.05860088 0.8497127 0 0 14.53302 2.724941 1.816627 0 0 3.809056
0 0 0 0 0 0 0 0 0 0 0 0 0 0 0.02037413 0 0 0 0 0 0 0 0 0 0 0 0.02037413 0.1120577 0.05093533 0 0 0 9.117425 0.611224 0.1935543 0 0.06112241 0
0 0 0 0 0 0 0 0 0 0 0 0.01065717 0.03197152 0 0 0 0 0.07992878 0 0 0 0 0 0 0.01598576 0.01598576 0.01065717 0.06394303 0.1012432 0.9591459 0.005328587 0.1065717 2.456478 1.252218 0 0 0.01598576 0.3889869
0 0 0 0 0 0 0 0 0 0 0 0 0 0 0 1.359403 0.2718806 0 0.2175045 7.558281 0 1.277839 0 0 0 0 0 0.1359403 0.1087522 1.277839 0 0.1359403 0 0.1087522 3.262567 0 1.68566 9.760514
0 0 0 0 0 0 0 0 0 0 0 0 0 0 0 0 0 0 0 0 0 0 0 0 0 0 0 0 0 0 0 0 377.062 0 0 99.63241 0 0
0 0 0 0 0 0 0 0 0 0 0 0 0 0 0 0 0 0 0 0 0 0 0 0 0 0 0.04448846 0.06590881 0.1268745 0.1153404 0.01482948 0.04119301 0.2043173 0.5173842 0.1038064 0 0 0.4119301
0 0 0 0 0 0 0 0 0 0 0 0 0 0 0 0 0 0 0 0 0 0 0 0 0.1989585 0 0 0.03979171 0.1193751 0.2387503 0 0.1193751 21.96502 4.854588 0 0 0.2387503 12.0171
0 0 0 0 0 0.5248511 0 0 0 0 0 0 0 0 0 0 0.242239 0 0.6055978 0 0 1.291942 0 2.906868 0 0 0.04037317 0.08074634 0.08074634 0.6055978 0 0 0 10.45665 6.500082 0 1.413061 15.58404
0 0 0 0 0 0 0 0 0 0 0 0 0 0 0 0 0 0 1.538628 0 0 0 0 3.198727 0 0 0 0.08098043 0.08098043 0.4049022 0 0 0 17.57275 1.255197 0 0.2834315 16.03413
0 0 0 0 0 0 0 0 0 0 0 0 0 0 0 0 0 0 0 0 0 0 0 0 0.2199266 0 0.01912405 0.09562027 0.03824811 1.491676 0 0 0 0.7267141 3.614446 0 0.1434304 3.212841
0 0 0 0 0 0.02687733 0 0 0 0 0 0.03583643 0 0 0.02687733 0 0 0.03583643 0 0.05375466 0 0 0 0 0.04778192 0.00298637 0.02389096 0.03285006 0 0 0.03882279 0 1.173643 0 0.1314003 0.4987238 0 0.8600744
0 0 0 0 0 0 0 0 0 0 0 0 0.006352857 0 0 0 0 0 0 0 0 0 0 0 0 0 0.03176428 0 0 0 0 0 0.06564618 0.08893999 0 0.03811713 0.002117619 1.702566
0 0 0 0 0 0 0 0 0 0 0 0 0 0 0 0 0 0 0 0 0 0 0 0 0 0 0 0 0 0 0 0 0.7278626 0.08087361 0 0.5256785 0 6.74486
0 0 0 0 0 0 0 0 0 0 0 0 0 0 0 0 0 0 0 0 0 0 0 0 0 0 0 0 0 0 0 0 0.3894917 0.04868645 0 0 0 3.979012
0 0 0 0 0 0 0 0 0 0 0 0 0 0 0 0 0 0 0 0 0 0 0 0 0 0 0 0 0 0.04788547 0 0.04788547 2.059075 0.1915419 0 2.178789 0 20.25556
0 0 0 0 0 0 0 0 0 0 0 0 0 0 0 0 0 0 0 0 0 0 0 0 0 0 0 0 0 0 0 0.1154342 0 0 0 0.2038135 0 1.482608
0 0 0 0 0 0 0 0 0 0 0 0 0 0 0 0 0 0 0 0 0 0 0 0 0 0 0 0 0 0 0.01272626 0.2163465 0.09544698 0 0 1.648051 0 4.390561
0 0 0 0 0 0 0 0 0 0 0 0 0 0 0 0 0 0 0 0 0 0 0 0 0 0 0 0 0 0 0 0 55.95054 0 0 1682.82 0 0
0 0 0 0 0 0 0 0 0 0 0 0 0 0 0 0 0 0 0 0 0 0 0 0 0 0 0 0 0 0 0 0 0 8.014528 0 0 0 263.5635
0 0 0 0 0 0 0 0 0 0 0 0 0 0 0 0 0 0 0 0 0 0 0 0 0 0 0 0 0 0 0 0 0 0.6165518 3.082758 0 1.027586 210.2442
0 0 0 0 0 0 0 0 0 0 0 0 0 0 0 0 0 0 0 0 0 0 0 0 0 0 0 0 0 0 0 0 0 0 0 0 0 0
0 0 0 0 0 0 0 0 0 0 0 0 0 0 0 0 0 0 0 0 0 0 0 0 0 0 0 0 0 0 0 0 0 0 0 0 0 0
1.5607 4.1587 0 1.604796 6.496585 1.473223 0.7411341 2.982181 0 0.5564242 0.4661794 0.1237057 2.232329 2.364546 1.550812 7.079135 2.231515 1.560713 5.554078 101.1863 0.3339898 8.545463 16.05066 13.30862 2.056151 0.6509431 0.521956 1.763098 1.932818 8.749732 0.3812532 1.694934 494.0039 65.85367 88.57684 1121.241 0 0
];

