food_web_filename = 'Kuosheng_Bay_266';
crc = 'crc_af465396';
n = 17;
l = 16;
b0 = [37.7 28 13 5.48 9.82 8.79 8.15 5.5 1.85 0.89 0.64 0.52 0.26 0.28 14 32.6 81.0599739990079].';
p = [0 0 0 0 0 0 0 0 0 0 0 0 0 0 7996.8 54.768 0].';
q = [0 0 0 0 0 0 0 0 0 0.01 0.24 0.52 0.15 0.3 0 0 380.184838539884].';
r = [4486.3 1495.2 156 8.30768 26.1211967 37.3575 74.5724945 26.785 2.4235 7.60060024 2.6303997 1.40503991 1.0868 2.4444 1332.8 9.128 0].';
F = [
0 0 0 0 0 0 0 0 0 0 0 0 0 0 3166.8 0 7389.2
2688 716.8 0 0 0 0 0 0 0 0 0 0 0 0 0 0 179.2
28.6 33.8 15.6 0 0 0 0 0 0 0 0 0 0 0 39 0 143
3.30444 1.762368 0 0 0 0 0 0 0 0 0 0 0 0 5.066808 0 11.89598
0 0 0 0 0 0 0 0 0 0 0 0 0 0 0 13.8462 32.3078
0 0 0 0 0 0 0 0 0 0 0 0 0 0 0 0 61.53
15.8925 32.8445 12.714 0 0 0 0 0 0 0 0 0 0 0 0 0 44.499
1.54 4.62 0.385 1.54 0 0 0 0 0 0 0 0 0 0 0 0 30.415
0 0 0 0 0 0 0 0 0 0 0 0 0 0 0 0 3.7
0.9612 0.1068 0 0 0 0 0 0 0 0 0 0 0 0 5.6604 1.8156 2.136
1.296 2.808 0 0 0 0 0.0864 0.0864 0 0.0432 0 0 0 0 0 0 0
0 0.030368 0 0 0.394784 0.30368 1.488032 0.60736 0 0 0.091104 0.121472 0 0 0 0 0
0 0 0 0 0 0 0 0 0 0.5772 0.468 0.3588 0 0.156 0 0 0
0 0 0 0 0 0 0 0 0 0 0 0 0 0 0 0.546 3.094
0 0 0 0 0 0 0 0 0 0 0 0 0 0 0 0 0
0 0 0 0 0 0 0 0 0 0 0 0 0 0 0 0 0
3330.106 1296.028 75.301 12.18192 19.63802 23.86882 29.80307 11.02124 1.2765 2.449 0.890496 0.631488 0.3232 0.7396 3447.472 29.4322 0
];

