food_web_filename = 'Lagoon_Chiku_Taiwan_267';
crc = 'crc_062a77f9';
n = 13;
l = 12;
b0 = [387 479.104858 222.539841 103.258469 33.1730461 69.19734 186.143372 38.14924 191.2554 61.0526352 6.4 329 486].';
p = [0 0 0 0 0 0 0 0 0 0 59071.27872 2135.868 0].';
q = [249 0 0 1.79 1.67 0 372 39.3 174 52.2 0 0 4141.48177638342].';
r = [10243.89 27021.5117 5229.68652 1383.66345 268.0382 938.3159 539.815735 80.1133957 221.856262 47.62105 9845.21312 355.978 0].';
F = [
0 1354.5 0 0 0 0 0 0 0 0 2167.2 0 10023.3
0 0 0 0 0 0 0 0 0 0 22278.38 0 22278.38
0 6609.433 0 0 0 0 0 0 0 0 0 0 734.3815
215.8102 0 215.8102 0 0 215.8102 0 0 0 0 0 0 1314.48
0 0 123.1383 0 0 165.4672 0 0 0 0 0 0 96.20183
66.98303 167.4576 33.49151 0 0 0 0 0 0 0 167.4576 418.6439 820.5421
0 0 0 0 0 0 0 0 0 0 0 362.9796 846.9523
0 41.96416 62.94625 9.53731 0 0 0 0 0 0 0 0 76.29848
30.98337 15.49169 113.6057 165.2447 36.14727 0 15.49169 10.32779 0 0 0 0 129.0974
0 3.846316 64.10527 0 0 0 19.23158 19.23158 7.692632 0 0 0 14.10316
0 0 0 0 0 0 0 0 0 0 0 0 0
0 0 0 0 0 0 0 0 0 0 0 0 0
2738.333 9342.545 1501.031 401.6754 78.95185 354.9824 263.3929 41.77342 112.8407 28.38948 24613.03 998.2665 0
];

