food_web_filename = 'Lesser_Antilles_459';
crc = 'crc_d0e4be70';
n = 31;
l = 30;
b0 = [2e-04 0.025127 0.014536 0.001582 0.033621 0.007 0.00987075549 0.005857403 0.011944 0.009704 0.001675 0.00520015834 0.29 0.065 0.00104016415 0.0278 0.011604649 0.20824942 1.25736153 7.394 0.243999988 8.7240715 10.833 0.000569394 0.000766903744 1.15744293 0.177088 40 9.636 32 15.075].';
p = [0.002166180510736 0.0790242835028709 0.0728040947390464 0 0.00136286348549841 0.00468571643694 0.00108907021156535 0.0116446283565455 0.0579611839155658 0.0174300678070272 0.00117735258665718 0.00926658907322154 0.179063086104 0.122616608335 0.00624525403569366 0.0350504323204 0.0462128427881142 1.15465485561445 7.23861504920534 44.9229919206562 1.48186535101897 24.207047602053 4.0065550306737 0 0.0024157467936 0.595833534145729 0.309161041969512 0 0 1643.52 0].';
q = [0.0029619887328 0 0.016396608 0.00308173600004956 3.14263e-05 0.0001544425 0.01051811475707 0.008175803 0.004777769 0.018896611887328 0.0071413070949 0.00231939019 0.8762251638319 0.166892024494 0.000817547 0.120249139327824 0.026093191756 0.002738915 1.8729176072 39.4205249988816 0.00579902763 0 0 0.000405028291 0.000572911578416 0 6.5574e-06 0 0 0 449.327833415554].';
r = [0.0117644 0.2440334 0.06267923 0.0121687446 0.361425728 0.027146 0.03178383 0.0610575639 0.163967237 0.05298384 0.0206242744 0.03152336 1.18378 0.465269983 0.0238696877 0.313584 0.08819533 3.292007 6.3572197 59.98013 2.003728 71.8863449 26.9200039 0.001508894 0.00203229487 10.6068068 1.43228769 692.8 83.8332 273.92 0].';
F = [
0 0 0 0 0 0 0 0 0 0 0 0 0 0 0 0 0 0.001103024 0.0001727629 0.003069863 0.0008505249 0 0 0 0 0.007216171 0 7.97367e-05 7.97367e-05 0 0
0 0 0 0 0 0 0 0 0 0 0 0 0.02370729 0.02370729 0 0 0 0 0 0.02939704 0.008218526 0.04741458 0 0 0 0 0 0 0.09482915 0 0
0 0 0 0 0 0 0 0 0 0 0 0 0 0 0 0 0 0 0 7.904897e-05 2.687665e-05 0.0006323918 0.0009485876 0 0 0.0006323918 0.003952448 0 0 0 0
0 0 0 0 0.0002115862 0 0 0 0 0 0 0 0 0 0 0 1.627586e-05 0 0 0.001009103 0.0002766896 0.003434206 0.003434206 0 0 0.004003862 0.002864551 0 0 0 0
0 0 0 0 4.997166e-05 0 0 0 0 0 0 0 0 0 0 0 0 0 0 0.06859746 0.01908009 0.04951737 0.04951737 0 0 0.1462807 0.1194777 0 0 0 0
0 0 0 0 0 0 0 7.400457e-05 7.400457e-05 7.400457e-05 7.400457e-05 7.400457e-05 7.400457e-05 0.001000363 7.400457e-05 7.400457e-05 0 0.0001111928 0.004090705 0 0.004574152 0.001335057 0.00461134 0 0 0.01465216 0.0008516104 0 0.0006656692 0 0
0 0 0 0 0 0 0 0.0001361338 0.001996629 0.0001361338 0.0003176455 0.0001361338 0.004084014 0.0001361338 0.0001361338 0.0005445351 0 0.0008168026 0.001043692 0.02922338 0.0009529364 3.4941e-06 0.00240503 0 0 0.002223518 8.621806e-06 0 1.542849e-05 0 0
0 0 0 0 0 0 0 0 0.007641787 0.0009097365 8.278603e-05 0.0009097365 0.01400994 0.0009097365 9.097366e-05 0.0004548683 0 0.001182658 0.007186919 0.01310021 0.0004548683 0.001182658 0.01100781 0 0 0.01400994 0.000272921 0.0001819473 0.00573134 0 0
0 0 0 0 0 0 0.0004693214 0.002346607 0.001173303 0.002346607 0.001173303 0.002346607 0.03003657 0.002346607 0.0002346607 0.0002346607 0 0.008447783 0.01384498 0.0009386427 3.050589e-05 0.02651665 0.0506867 0 0 0.02698598 0 0.0002346607 0.005866517 0 0
0 0 0 0 0 0 0 0 0 0 0 0 0 0 0 0 0 0 5.986849e-05 0.01614176 0.0005304803 0.00522902 0.02849437 0 0 0.005380586 0.0006062633 0 0.00181879 0 0
0 0 0 0 0 0 0 0.0002943381 0.0002943381 0.0002943381 0 0.0002943381 0.0002943381 0.0002943381 0.0002943381 0.0006475439 0 0.005916197 5.886763e-05 0.006151668 0.0002060367 0.002560742 0.009301086 0 0 0.0005298087 0 0 0.0008535806 0 0
0 0 0 0 0 0 0.0003603674 0 0 0 0 0 0 0 0 0 0 0.003758116 0.01456914 0.006641055 0.0002059242 0 0.002007761 0 0 0.006280688 0 0.00833993 0 0 0
0 0 0 0 0 0 0 0 0 0 0 0 0 0 0 0 0 0 0.0002135813 0.1445449 0 0 0 0 0 1.596466 0 0.2373125 0 0 0
0 0 0 0 0 0 0 0 0 0 0 0.001340072 0.006700361 0.000649935 0.0001340072 0 0 0.03216173 0.2338426 0.04623249 0.01340072 0 0 0 0 0.09715523 0 0.09045488 0.02546137 0 0
0 0 0 0 0 0 0 0 0 0 0 0 0.006707865 1.354791e-05 9.913102e-05 0 0 0.001156529 0.0006939171 0.006344385 0.000198262 3.040018e-05 0.006179167 0 0 0.0052209 9.913102e-05 9.913102e-05 0 0 0
0 0 0 0 0 0 0.001112712 0 0.0002614874 0 0 0.001669068 0.004450849 0.003338137 0.0005396654 0.1201729 0 0.2397895 0.08400977 0.004450849 0.0001446526 0.000367195 0.001112712 0 0 0.02893052 0 0.01057077 0.02002882 0 0
1.161127e-05 0 0 0 0.001045014 0.002206141 0.001161127 0.0001021791 4.992844e-05 4.992844e-05 4.992844e-05 4.992844e-05 0.0001161127 0.002322253 4.992844e-05 3.831718e-05 0.00174169 1.161127e-05 0.02728648 0.002902817 9.637351e-05 0.0005805633 0.008592337 7.895662e-05 7.895662e-05 0.02066806 0 0 7.895662e-05 0 0.0004644507
0 0 0 0 0 0 0 0 0 0 0 0 0 0 0 0 0 0 0 0.1082489 0.001546413 0 0 0 0 0 0 3.891805 0 0 0
0 0 0 0 0 0 0 0 0 0 0 0 0.001634819 0.003269638 0 0 0 0.1089879 0.05449397 0 0.7175039 0.01816466 0 0 0 0.1816466 0 0.7084216 0.02724698 0 0.01816466
0 0 0 0 0 0 0 0 0 0 0 0 0 0 0 0 0 0 0 0 0 0 0 0 0 0 0 60.29423 0.1082482 2.706204 0.2164964
0 0 0 0 0 0 0 0 0 0 0 0 0 0 0 0 0 0 0 0 0 0 0 0 0 0 0 1.991662 0.003585855 0.08640615 0.008640615
0 0 0 0 0 0 0 0 0 0 0 0 0 0 0 0 0 0 0 5.364805 0.01216895 0.6542445 0 0 0 0 0 100.6228 0 0 0
0 0 0 0 0 0 0 0 0 0 0 0 0.005778685 0 0 0 0 0.2311474 0.2311474 2.157376 0.003852457 22.15163 0.1926228 0 0 3.159015 0.1540983 3.775408 2.388523 0 0
0 0 0 0 0 0 0 0 0 0 0 0 0 0 0 0 0 0 0 0 0 0 0 0 0 0 0 3.985758e-05 0.001953021 0 0
0 0 0 0 0 0 0 0 0 0 0 0 0 0 0 0 0 0 0 0 0 0 0 0 0 0 0 0.0001342082 0.0001342082 0 0
0 0 0 0 0 0 0 0 0 0 0 0 0 0 0 0 0 0 0.02127977 0 0 7.575598 0 0 0 0.1063988 0 3.447322 9.469496 0 0
0 0 0 0 0 0 0 0 0 0 0 0 0 0 0 0 0 0.1540184 0.1540184 0 0 0.6239432 0.309161 0 0 0.6239432 0.01042716 0 0.6239432 0 0
0 0 0 0 0 0 0 0 0 0 0 0 0 0 0 0 0 0 0 0 0 0 0 0 0 0 0 6.930931 0 1150.535 1150.535
0 0 0 0 0 0 0 0 0 0 0 0 0 0 0 0 0 0 0 0.8382516 0.02682405 0 0 0 0 0 0 278.5789 0 0 0
0 0 0 0 0 0 0 0 0 0 0 0 0 0 0 0 0 0 0 0 0 0 0 0 0 0 0 0 0 0 0
0 0.06226471 0 0 0.09111975 0.007663417 0 0.01877883 0.05398536 0 0 0.01076693 0 0 0.006747545 0 0 1.072901 0 0 0.7514895 27.81234 10.85706 0 0 4.561483 1.083663 1154.611 182.8322 216.2727 0
];

