food_web_filename = 'Liberia_513';
crc = 'crc_6c69d880';
n = 14;
l = 13;
b0 = [0.75 0.693 0.0196 0.507 0.0234 0.0158 0.0866 0.0562 0.048 0.0216 2.788 0.547 10 3.83391205629893].';
p = [0 0 0 0 0 0 0 0 0 0 0 0 2400 0].';
q = [0 1.548 0 0.006 0.007 0 0.086 0.086 0.086 0.086 0 0 0 1856.2799541279].';
r = [86.25 0.9390151 0.0223440044 0.603329957 0.043056 0.0176959988 0.7794 0.337200016 0.288000017 0.216 47.3959961 4.923 400 0].';
F = [
0 0 0 0 0 0 0 0 0 0 0 0 150 0
2.82744 0.106029 0 0 0 0 0 0 0 0 0.35343 0 0.247401 0
0.034104 0 0 0 0 0 0 0 0 0 0.05684 0 0.022736 0
0 0 0 0 0 0 0 0 0 0 1.7238 0.8112 0 0
0.022464 0 0 0 0 0 0 0 0 0 0.05616 0.033696 0 0
0 0 0 0 0 0 0 0 0 0 0.05056 0.05056 0 0
0.3897 0 0 0 0 0 0.06495 0 0 0 0 0.2598 0.58455 0
0 0.04496 0.06744 0.0843 0.0281 0.0562 0.0843 0 0 0 0.1124 0.0843 0 0
0 0 0 0 0 0 0 0 0 0 0.24 0.24 0 0
0.3456 0 0 0 0 0 0 0 0 0.0432 0.0432 0 0 0
25.092 0 0 0 0 0 0 0 0 0 8.364 0 16.728 33.456
1.641 0 0 0 0 0 0 0 0 0 6.564 0 0 0
0 0 0 0 0 0 0 0 0 0 0 0 0 0
33.39769 0.896296 0.023896 1.84137 0.034164 0.027224 0.28435 0.1388 0.106 0.0868 18.67961 1.802444 1832.417 0
];

