food_web_filename = 'Looe_Key_National_Marine_269';
crc = 'crc_227e99ab';
n = 20;
l = 19;
b0 = [1.75 85 91.67252 237.234848 76.3757858 129.1685 2.6796875 69.7349548 94.1345139 0.015 16.5517235 475 200.24733 633.0033 1673.58 40 50.76911 30 2115 3400].';
p = [0 0 0 0 0 0 0 0 0 0 0 0 0 0 0 0 0 2520 33628.5 26900].';
q = [0 0 0 0 0 0 0 0 0 0 0 0 0 0 0 0 0 0 0 32119.7397190614].';
r = [6.5449996 520.199951 605.038635 1160.07849 412.42926 1116.01587 3.85874987 1956.763 1571.105 0.03975 96.9931 807.5 1051.29846 1266.00659 10710.9121 1690 1929.22632 420 5604.75 0].';
F = [
0.08575 0.8575 0.214375 0.08575 0.214375 0.686 0.214375 0.5145 0.343 0 0.728875 0.180075 1.929375 2.289525 0.094325 0 0 0 0 0.1372
0 75.65 98.345 98.345 113.475 75.65 0 113.475 75.65 0 13.617 0 30.26 46.903 0 15.13 0 0 0 0
0 0 0 0 0 0 0 0 0 0 0 0 36.66901 91.67252 117.3408 661.8756 0 0 9.167252 0
0 1.731814 6.927258 86.59072 51.95443 121.227 0 13.85452 0 0 17.31814 207.8177 173.1814 571.4987 121.227 207.8177 0 0 150.6679 0
0 0 0 0 3.055031 0 0 0 0 0 0 0 9.165094 0 4.582547 743.9002 1.527516 1.527516 0 0
0 0 0 11.5735 3.306714 0 0 0 0 0 0 71.09434 132.2685 363.7385 133.9219 264.5371 0 0 357.1251 315.7911
0.06163281 0 0 3.624009 0 0 0 0 0 0 0 0 2.477639 0 0 0 0 0 0 0
0 0 0 0 0 0 0 0 0 0 0 2.611574 0 2.611574 0 10.4463 0 0 2580.235 15.66944
0 0 0 0 0 0 0 0 0 0 0 0 2.146267 0 10.73133 0 0 0 1944.518 188.8715
0 0 0 0 0 0 0 0 0 0 0 0.0021 0.0065625 0.0023625 0.021 0 0 0 0.020475 0
0 0 12.58759 3.873103 12.58759 0.9682758 0 0 0 0 19.36552 0 24.2069 81.33517 0 38.73103 0 0 0 0
0 0 0 0 0 0 0 0 0 0 0 112.1 5.7 98.8 374.3 5.7 41.8 5.7 1052.6 203.3
0 0 0 10.01237 10.01237 4.004947 0 2.002473 64.07915 0 4.004947 260.3215 80.09893 640.7915 70.08657 140.1731 100.1237 10.01237 400.4947 206.2547
0 0 0 0 0 0 0 0 0 0 0 8.862046 44.31023 288.0165 261.4304 26.58614 753.2739 372.2059 793.1531 1883.185
0 0 0 0 0 0 0 0 0 0 0 0 0 0 0 376.5555 286.1822 165.6844 1265.226 12968.57
0 0 0 0 0 0 0 0 0 0 0 0 0 0 0 0 5280 1320 0 0
0 0 0 0 0 0 0 0 0 0 0 0 0 0 0 0 0 0 0 10915.36
0 0 0 0 0 0 0 0 0 0 0 0 0 0 0 0 0 0 0 0
0 0 0 0 0 0 0 0 0 0 0 0 0 0 0 0 0 0 0 0
1.882617 158.0607 193.6124 357.6315 156.7231 334.8048 2.090156 524.9647 435.0897 0.01275 41.62758 429.5106 408.7549 977.3571 3257.572 2418.547 2523.225 224.8697 19470.54 0
];

