food_web_filename = 'Mangrove_Estuary_Wet_Season_Ulanowicz_1999';
crc = 'crc_b6d4cb8c';
n = 94;
l = 91;
b0 = [0.1201825 0.00229012 1.203321e-06 1.357678e-05 1.090882e-05 0.0002190264 2.611696e-05 5.031403e-05 1.858678e-05 4.827986e-05 5.221119e-07 0.001923754 0.0005655051 0.001165251 0.0004280522 0.001638684 0.0003695227 0.0003140041 0.0005312816 0.0101645 0.0111838 0.009752945 1.889008e-05 1.62474e-06 4.25366e-06 9.515818e-06 1.223378e-05 6.625417e-06 7.870676e-05 2.31963e-06 7.165013e-05 6.245979e-05 5.009085e-06 1.004127e-06 2.31822e-05 2.865517e-05 4.238369e-06 5.560878e-05 6.304677e-07 1.295271e-06 3.843968e-07 5.946516e-07 3.480683e-08 2.283099e-05 3.966302e-06 100.116 0.0003839421 0.001251194 0.001145669 0.004882803 0.006530858 0.001883416 0.01664633 0.006030903 0.005013681 0.04168543 0.008293688 0.01583876 3.647788e-05 1.524204 0.274067 0.2634484 0.7101315 0.004708876 0.01473321 2249.656 3389.489 362.3762 0.04317391 0.04694165 0.0003471353 0.0001731267 0.0005351691 0.0002140368 0.00194657 0.0007337488 0.0003408214 0.005227767 0.00116252 0.001362907 0.1195438 0.0003271762 1.924399e-06 6.157655e-05 0.0005144029 0.05177142 0.001450376 0.08583316 0.006943856 0.002668906 0.0175738 1519.576 1.306091 3.686854].';
p = [156 0 2.48e-05 0.000325 0.000279 0.422 0.048 0.0973 0.000376 0.000974 1.07e-05 0 0 0 0 0 0 0 0 0 0 0 0.000392 3.39e-05 8.75e-05 0.000215 0 0 0 0 0 0 0 0 0 0 0 0 1.42e-05 2.91e-05 8.28e-06 1.24e-05 7.29e-07 0.000503 8.66e-05 583 0 0 0 0 0 0 0 0 0 0 0 0 0.000235 0 0 0 0 0 0 30 30 720 0 0 0 0 0 0 0 0 0 0 0 0 0 0 0 0 0 0 0 0 0 0 0 0 0.68 11.4].';
q = [16.02434 0 6.059201e-06 7.156905e-05 7.587904e-05 0.02966812 0.003366406 0.006834738 9.304198e-05 0.0002419418 2.514661e-06 0 0 0 0 0 0 0 0 0 0.0001065123 0 9.096786e-05 7.809236e-06 2.137464e-05 4.336813e-05 0 0 0 0 0 0 0 0 0 0 0 0 2.484842e-06 8.940292e-06 3.243984e-06 2.863524e-06 2.34136e-07 0.0001046836 1.622578e-05 34.03946 2.673691e-05 0 6.364829e-05 0.005991169 0 0 0 0 0 0 0 0 0 0 0 0 0 0 0 2.999542 2.999548 88.58084 0 0 9.946571e-05 0 0 0 0 0 0 0 0 0 0 0 0 0 0 0 0 0.07300512 0.005316888 0 0 0 16.9898 45.22541].';
r = [78.11864 0.004239159 7.709773e-05 0.0008698839 0.0006941098 0.3175883 0.03604735 0.07322934 0.00118869 0.003081232 3.367089e-05 0.00354215 0.003072933 0.003206932 0.002715256 0.003027569 0.001954412 0.001186705 0.001013698 0.03555442 0.03248626 0.02518721 0.001224161 0.0001047171 0.0002711708 0.0006079282 0.0001634686 7.708418e-05 0.01071453 0.0003541028 0.02033737 0.01346563 0.0005558863 0.0002683796 0.01667491 0.01203313 0.001530788 0.02561867 3.663923e-05 5.999151e-05 1.982999e-05 3.83545e-05 2.00688e-06 0.00146557 0.000230366 291.3377 0.0004834034 0.00650193 0.00565001 0.05921272 0.01315847 0.02242624 0.5159327 0.006303201 0.06182208 0.729495 0.07212782 0.1553021 0.05943026 34.14217 70.09789 67.382 284.0526 0.4494837 10.41848 0 0 362.3761 0.5110163 0.555119 0.003192849 0.0005172558 0.00145661 0.0003285465 0.005087412 0.00152945 0.001730651 0.03513398 0.001237177 0.01171248 0.9532855 0.00102368 1.222685e-06 0.0002834476 0.00457247 0.394884 0.009675662 0.6382733 0.0599745 0.02590664 0.1587633 120.553 0 0].';
F = [
0 0 0 0 0 0 0 0 0 0 0 0 0 0 0 0 0 0 0 0 0 0 0 0 0 0 0 0 0 0 0 0 0 0 0 0 0 0 0 0 0 0 0 0 0 0 0 0 0 0 0 0 0 0 0 0 0 0 0 0 0 0 0 0 0 0 0 0 0 0 0 0 0 0 0 0 0 0 0 0 0 0 0 0 0 0 0 0 0 0 0 0 0 0
0 0 0 0 0 0 0 0 0 0 0 0 0 0 0.000648467 0 0 0 0 0 0 0 0 0 0 0 0 0 0 0 0 0 0 0 0 0 0 0 0 0 0 0 0 0 0 0 0 0 0 0.0001068425 0 3.427041e-05 0.0003618766 3.287749e-05 5.463114e-05 0.0009085805 9.041231e-05 0 0 0 0 0 0 0 0 0 0 0 0.0009416841 0.001022588 0 0 0 0 0 0 0 0 0 0 0 0 0 0 2.244667e-05 0.00451731 1.586653e-05 0.00374412 0 0 0 0 0 0
0 0 0 0 0 0 0 0 0 0 0 0 4.844138e-07 0 0 0 6.32247e-07 2.688463e-07 0 1.740351e-05 1.917222e-05 1.675992e-05 0 0 0 0 0 0 0 0 0 0 0 0 0 0 0 0 0 0 0 0 0 0 0 0 3.293988e-07 2.138793e-06 9.792045e-07 7.918328e-08 0 0 2.688226e-07 4.891284e-08 8.119765e-08 6.758705e-07 1.343557e-07 2.571227e-07 0 0 0 0 0 0 0 0 0 0 6.995673e-07 7.606105e-07 0 0 0 0 1.664458e-06 6.292041e-07 2.654373e-07 4.486991e-06 1.994414e-06 1.171248e-06 1.931093e-06 5.610167e-07 0 0 0 8.395091e-07 0 1.387097e-06 1.12718e-07 4.320672e-08 2.845757e-07 0 0 0
0 0 0 0 0 0 0 0 0 0 0 0 0 0 0 0 0 6.259079e-07 0 0 0 1.950589e-05 0 0 0 0 0 0 0 0 0 0 0 0 0 0 0 0 0 0 0 0 0 0 0 0.0003604177 0 1.251194e-06 1.145669e-06 6.210845e-06 0 0 2.109224e-05 3.832346e-06 6.371969e-06 5.291621e-05 1.050601e-05 2.015842e-05 0 0 0 0 0 0 0 0 0 0 5.485123e-05 5.969964e-05 0 0 0 0 3.883736e-06 1.461689e-06 0 0 0 0 0.0001512179 0 0 0 0 6.578016e-05 0 0.0001095077 8.815401e-06 3.390467e-06 2.236665e-05 0 0 0
0 0 0 0 0 0 0 0 0 0 0 0 0 0 0 0 0 0 0 6.149953e-06 0 5.918048e-06 0 0 0 0 0 0 0 0 0 0 0 0 0 0 0 0 0 0 0 0 0 0 0 0.0006107079 0 0 0 2.226718e-06 0 0 7.558051e-06 1.371577e-06 2.27713e-06 1.892033e-05 3.768021e-06 7.220005e-06 0 0 0 0 0 0 0 0 0 0 1.960503e-05 2.132826e-05 0 0 0 0 1.175465e-06 4.443149e-07 0 3.164175e-06 0 0 5.425451e-05 0 0 0 0 2.355092e-05 0 3.900559e-05 3.158232e-06 1.208397e-06 7.998075e-06 0 0 0
0 0.0001305856 0 0 0 0 0 0 0 0 0 0 0 0.0001145333 4.195337e-05 0 5.617599e-05 9.546146e-05 0 0 0 0.002982697 0 0 0 0 0 0 0 0 0 0 0 0 0 0 0 0 0 0 0 0 0 0 0 0 0 0.0001903526 0.0001742984 8.237857e-05 0 2.650374e-05 0.0002801959 5.082901e-05 8.44935e-05 0.0007021769 0.0001394067 0.0002674076 0 0 0 0 0 0 0 0 0 0 0.0007274215 0.0007917751 0 0 0 0 0.0005924343 0.0002236095 9.449566e-05 0.001597961 0 0.0002076303 0.002012832 4.987931e-05 0 0 0 0.0008730082 1.226492e-05 0.001449673 0.0001169716 4.494542e-05 0.0002965578 0 0 0
0 4.892087e-06 0 0 0 0 0 0 0 0 0 3.531972e-06 0 4.272589e-06 1.565265e-06 3.007585e-06 5.57488e-06 9.472633e-06 0 0.0001537488 0 0.000295429 0 0 0 0 0 0 0 0 0 0 0 0 0 0 0 0 0 0 0 0 0 0 0 0 0 1.882137e-05 1.733192e-05 1.637586e-05 0 2.640666e-06 2.79162e-05 5.062731e-06 8.409401e-06 6.991415e-05 1.394067e-05 2.663791e-05 0 0 0 0 0 0 0 0 0 0 0.0001446272 0.0001577707 0 0 0 3.242657e-06 5.877324e-05 2.216734e-05 9.375244e-06 0.0001576796 0 2.065656e-05 0.0002002614 4.947787e-06 0 0 0 8.689477e-05 1.216758e-06 0.0001439244 1.169716e-05 4.477155e-06 2.955593e-05 0 0 0
0 9.404112e-06 0 0 0 0 0 0 0 0 0 6.789122e-06 1.973933e-05 8.206558e-06 3.013402e-06 5.785354e-06 1.292261e-05 2.184377e-05 1.850648e-05 0.0003544764 0.0003898352 0.0003408796 0 0 0 0 0 0 0 0 0 0 0 0 0 0 0 0 0 0 0 0 0 0 0 0 1.336846e-05 4.352443e-05 3.995154e-05 2.915702e-05 0 4.698832e-06 4.96288e-05 9.006014e-06 1.498112e-05 0.0001244492 2.474974e-05 4.741342e-05 0 0 0 0 0 0 0 0 0 0 0.0002581864 0.0002804812 0 6.02226e-06 0 1.498258e-05 6.780081e-05 2.555537e-05 2.165968e-05 0.0001820194 4.052821e-05 4.759526e-05 0.000356588 1.144113e-05 0 0 0 0.0001542991 2.170697e-06 0.0002565609 2.073586e-05 7.963251e-06 5.252169e-05 0 0 0
0 0 0 0 0 0 0 0 0 0 0 0 1.08833e-05 0 0 0 1.42042e-05 3.003518e-06 0 0.0003897105 0.0004281796 0 0 0 0 0 0 0 0 0 0 0 0 0 0 0 0 0 0 0 0 0 0 0 0 0 7.357998e-06 4.780202e-05 1.096709e-05 1.018499e-06 0 0 3.474016e-06 6.303201e-07 1.048678e-06 0 1.727431e-06 0 0 0 0 0 0 0 0 0 0 0 9.020455e-06 9.836319e-06 0 0 0 0 3.723873e-05 2.816898e-05 5.945794e-06 0.0001002165 2.229051e-05 1.309668e-05 2.493051e-05 1.25451e-05 0 0 0 0 0 0 1.446194e-06 5.572537e-07 3.674521e-06 0 0 0
0 0 0 0 0 0 0 0 0 0 0 0 2.806186e-05 0 0 0 3.663187e-05 7.781841e-06 0 0.001010044 0.001107728 0 0 0 0 0 0 0 0 0 0 0 0 0 0 0 0 0 0 0 0 0 0 0 0 0 1.903668e-05 0.00012405 2.839693e-05 2.6461e-06 0 0 8.995218e-06 1.63379e-06 2.716576e-06 0 4.485259e-06 0 0 0 0 0 0 0 0 0 0 0 2.335462e-05 2.541861e-05 0 0 0 0 9.68583e-05 7.289088e-05 1.539536e-05 0.0002592719 5.769937e-05 3.396619e-05 6.467629e-05 3.251689e-05 0 0 0 0 0 0 3.753723e-06 1.443122e-06 9.515812e-06 0 0 0
