food_web_filename = 'Mangrove_Estuary_Dry_Season_Ulanowicz_1999';
crc = 'crc_bcd8c16f';
n = 94;
l = 91;
b0 = [0.1202758 0.003383951 4.928538e-06 5.37631e-05 2.63274e-05 0.0003271909 3.842809e-05 7.561313e-05 2.838797e-05 0.0001610099 9.332339e-07 0.001775288 0.0007036465 0.001575311 0.0005315631 0.002477481 0.0006118527 0.0004375636 0.0003838651 0.01280642 0.01300934 0.01377227 2.849174e-05 2.617312e-06 6.945402e-06 3.808463e-05 2.471072e-05 1.364939e-05 0.000157278 4.576902e-06 0.0001443602 0.0001252755 9.968703e-06 9.727568e-06 5.072285e-05 3.313351e-05 4.203677e-05 0.0001095453 2.188336e-06 2.098283e-06 5.553806e-07 8.967843e-07 4.875831e-08 3.751131e-05 1.19372e-05 100.1511 0.0007911995 0.001549795 0.0001128148 0.006970166 0.01016536 0.002725766 0.0236325 0.01106234 0.007621715 0.04324924 0.009469117 0.02127695 3.929508e-05 1.527917 0.2749721 0.2643506 0.7130042 0.004599685 0.01498995 2249.623 3389.438 362.3783 0.0477016 0.0564605 0.0003753779 0.0002008827 0.0006053376 0.0002548614 0.002140372 0.0009787161 0.0003363882 0.00656627 0.0013619 0.001725761 0.1395637 0.0003925885 2.572246e-06 8.905044e-05 0.000424803 0.04428364 0.001332534 0.000800476 0.007731521 0.003554026 0.01812118 1525.747 1.301698 3.828976].';
p = [156 0 9.93e-05 0.0013 0.000691 0.185 0.0208 0.043 0.000564 0.00319 1.88e-05 0 0 0 0 0 0 0 0 0 0 0 0.000588 5.47e-05 0.000141 0.000858 0 0 0 0 0 0 0 0 0 0 0 0 5.2e-05 4.94e-05 1.3e-05 1.87e-05 1.05e-06 0.000826 0.000257 583 0 0 0 0 0 0 0 0 0 0 0 0 0.000334 0 0 0 0 0 0 30 30 720 0 0 0 0 0 0 0 0 0 0 0 0 0 0 0 0 0 0 0 0 0 0 0 0 0.68 11.4].';
q = [16.03677 0 2.420846e-05 0.0003061244 0.000193445 0.01402247 0.001550778 0.003261939 0.0001391784 0.000784096 4.416002e-06 0 0 0 0 0 0 0 0 0 0.001084112 0 0.0001350168 1.245841e-05 3.424094e-05 0.0001739069 0 0 0 0 0 0 0 0 0 0 0 0 8.642543e-06 1.45481e-05 4.429933e-06 4.247372e-06 3.16929e-07 0.0001711391 5.458463e-05 34.05136 4.407797e-05 0 1.446343e-05 0.005337034 0 0 0 0 0 0 0 0 0 0 0 0 0 0 0 2.999497 2.999503 88.58138 0 0 9.750076e-06 0 0 0 0 0 0 0 0 0 0 0 0 0 0 0 0 0.001069895 0.005384067 0 0 121.0426 14.92191 44.92665].';
r = [78.17924 0.006670099 0.0003148185 0.003434333 0.001679669 0.1501697 0.01667818 0.03491371 0.001811528 0.01026714 6.036653e-05 0.003267402 0.003729651 0.004332106 0.003371855 0.00455375 0.003385659 0.001347852 0.0006647944 0.03798878 0.03794392 0.03652645 0.001839206 0.0001685549 0.000443944 0.002428867 0.0003287692 0.0001583329 0.0214379 0.0007002356 0.04081551 0.02691871 0.001104257 0.002599949 0.03658373 0.0138651 0.01442345 0.05065214 0.0001274221 9.698729e-05 2.856511e-05 5.792827e-05 2.813761e-06 0.002397938 0.0007641849 291.4396 0.001069993 0.007748975 0.0004290818 0.07674655 0.0416389 0.03676389 0.6462975 0.02453827 0.09960317 0.7012255 0.0699801 0.1848823 0.06391862 34.22533 70.32939 67.61276 285.2017 0.4390609 10.60004 0 0 362.3783 0.5238658 0.5540714 0.003168775 0.0005804513 0.001447546 0.0003976716 0.005625839 0.002064802 0.001575873 0.04154387 0.001317611 0.01499255 1.062831 0.001193161 1.56248e-06 0.0003710435 0.004068669 0.3235378 0.008730059 0.005378654 0.06073228 0.03175491 0.1534123 0 0 0].';
F = [
0 0 0 0 0 0 0 0 0 0 0 0 0 0 0 0 0 0 0 0 0 0 0 0 0 0 0 0 0 0 0 0 0 0 0 0 0 0 0 0 0 0 0 0 0 0 0 0 0 0 0 0 0 0 0 0 0 0 0 0 0 0 0 0 0 0 0 0 0 0 0 0 0 0 0 0 0 0 0 0 0 0 0 0 0 0 0 0 0 0 0 0 0 0
0 0 0 0 0 0 0 0 0 0 0 0 0 0 0.0008895748 0 0 0 0 0 0 0 0 0 0 0 0 0 0 0 0 0 0 0 0 0 0 0 0 0 0 0 0 0 0 0 0 0 0 0.0003180872 0 7.983293e-05 0.001078875 0.0002534281 0.0001743321 0.001973509 0.0002159623 0 0 0 0 0 0 0 0 0 0 0 0.002182774 0.002580751 0 0 0 0 0 0 0 0 0 0 0 0 0 0 3.879868e-05 0.008083674 3.037394e-05 7.314192e-05 0 0 0 0 0 0
0 0 0 0 0 0 0 0 0 0 0 0 1.962404e-06 0 0 0 3.418852e-06 1.22088e-06 0 7.156526e-05 7.252709e-05 7.684525e-05 0 0 0 0 0 0 0 0 0 0 0 0 0 0 0 0 0 0 0 0 0 0 0 0 2.214918e-06 8.643087e-06 3.153028e-07 4.931419e-07 0 0 1.66455e-06 7.854259e-07 5.389413e-07 3.05474e-06 6.696908e-07 1.507978e-06 0 0 0 0 0 0 0 0 0 0 3.375314e-06 3.992263e-06 0 0 0 0 5.979295e-06 2.735862e-06 8.546079e-07 1.838131e-05 7.617783e-06 4.83213e-06 9.855345e-06 2.193877e-06 0 0 0 3.130396e-06 0 0 5.470213e-07 2.513054e-07 1.287016e-06 0 0 0
0 0 0 0 0 0 0 0 0 0 0 0 0 0 0 0 0 2.099915e-06 0 0 0 6.606696e-05 0 0 0 0 0 0 0 0 0 0 0 0 0 0 0 0 0 0 0 0 0 0 0 0.001442175 0 3.715534e-06 0 3.842664e-05 0 9.642034e-06 0.0001304925 6.134568e-05 4.209483e-05 0.0002393404 5.232933e-05 0.0001177463 0 0 0 0 0 0 0 0 0 0 0.0002629976 0.0003117968 0 0 0 0 1.030913e-05 4.707748e-06 0 3.155635e-05 0 0 0.0007697475 0 0 0 0 0.0002443236 0 0 4.27495e-05 1.955766e-05 0.0001001813 0 0 0
0 0 0 0 0 0 0 0 0 0 0 0 0 0 0 0 0 0 0 1.517399e-05 0 1.626724e-05 0 0 0 0 0 0 0 0 0 0 0 0 0 0 0 0 0 0 0 0 0 0 0 0.001512281 0 0 0 8.549928e-06 0 0 2.89755e-05 1.367707e-05 9.354407e-06 5.311678e-05 1.162874e-05 2.61314e-05 0 0 0 0 0 0 0 0 0 0 5.856223e-05 6.931159e-05 0 0 0 0 2.5331e-06 1.156289e-06 0 7.777524e-06 0 0 0.0001706971 0 0 0 0 5.430473e-05 0 9.823582e-07 9.497496e-06 4.363671e-06 2.223964e-05 0 0 0
0 0.0002034283 0 0 0 0 0 0 0 0 0 0 0 0.0001623339 5.484223e-05 0 0.0001117489 0.0001601795 0 0 0 0.005049831 0 0 0 0 0 0 0 0 0 0 0 0 0 0 0 0 0 0 0 0 0 0 0 0 0 0.0002831356 2.073092e-05 0.0001921332 0 4.801616e-05 0.0006493799 0.0003057227 0.0002094111 0.001186205 0.0002606084 0.0005845998 0 0 0 0 0 0 0 0 0 0 0.001309664 0.00154845 0 0 0 0 0.0007844755 0.0003592755 0.0001121294 0.002411883 0 0.0003171086 0.003832634 7.197455e-05 0 0 0 0.001221618 1.832235e-05 2.207874e-05 0.0002132091 9.768314e-05 0.0004993622 0 0 0
0 9.418337e-06 0 0 0 0 0 0 0 0 0 0 0 7.511546e-06 2.538809e-06 5.907838e-06 1.117489e-05 1.592028e-05 0 0.0002335287 0 0.0004999932 0 0 0 0 0 0 0 0 0 0 0 0 0 0 0 0 0 0 0 0 0 0 0 0 0 2.811487e-05 2.053807e-06 3.682554e-05 0 4.607612e-06 6.226649e-05 2.936548e-05 2.009071e-05 0.0001144215 2.502256e-05 5.60844e-05 0 0 0 0 0 0 0 0 0 0 0.00025235 0.0002981031 0 0 0 4.646825e-06 7.785847e-05 3.561783e-05 1.111192e-05 0.0002390632 0 3.149514e-05 0.0003682334 7.139722e-06 0 0 0 0.0001164354 1.75385e-06 2.110611e-06 2.045946e-05 9.368749e-06 4.787699e-05 0 0 0
0 1.809338e-05 0 0 0 0 0 0 0 0 0 0 3.046605e-05 1.440834e-05 4.879273e-06 1.133422e-05 2.655419e-05 3.789613e-05 1.661986e-05 0.0005553034 0.0005626541 0.0005958002 0 0 0 0 0 0 0 0 0 0 0 0 0 0 0 0 0 0 0 0 0 0 0 0 3.427062e-05 6.695909e-05 4.88864e-06 6.553878e-05 0 8.206399e-06 0.00011097 5.219411e-05 3.582312e-05 0.0002036493 4.454223e-05 9.987775e-05 0 0 0 0 0 0 0 0 0 0 0.0004482672 0.0005308973 0 8.690121e-06 0 2.208066e-05 9.268397e-05 4.243167e-05 2.646658e-05 0.0002847509 5.901567e-05 7.496274e-05 0.0006548758 1.703141e-05 0 0 0 0.0002080568 3.125576e-06 3.764085e-06 3.639629e-05 1.671864e-05 8.525193e-05 0 0 0
0 0 0 0 0 0 0 0 0 0 0 0 1.691354e-05 0 0 0 2.932025e-05 5.244903e-06 0 0.0006144927 0.0006222803 0 0 0 0 0 0 0 0 0 0 0 0 0 0 0 0 0 0 0 0 0 0 0 0 0 1.895353e-05 7.411199e-05 1.34992e-06 1.878636e-06 0 0 6.370499e-06 2.996888e-06 2.062221e-06 0 2.55417e-06 0 0 0 0 0 0 0 0 0 0 0 1.288369e-05 1.527383e-05 0 0 0 0 5.12511e-05 4.6871e-05 7.33387e-06 0.0001572505 3.266346e-05 2.070913e-05 3.76822e-05 1.885964e-05 0 0 0 0 0 0 2.089018e-06 9.579046e-07 4.89066e-06 0 0 0
0 0 0 0 0 0 0 0 0 0 0 0 9.551812e-05 0 0 0 0.0001659637 2.969181e-05 0 0.003476027 0.003523364 0 0 0 0 0 0 0 0 0 0 0 0 0 0 0 0 0 0 0 0 0 0 0 0 0 0.00010744 0.0004192394 7.655976e-06 1.065272e-05 0 0 3.606525e-05 1.699577e-05 1.169301e-05 0 1.44321e-05 0 0 0 0 0 0 0 0 0 0 0 7.293659e-05 8.62708e-05 0 0 0 0 0.0002906193 0.000265327 4.151819e-05 0.0008903777 0.0001849084 0.0001175675 0.0002125662 0.0001068072 0 0 0 0 0 0 1.184495e-05 5.425673e-06 2.769658e-05 0 0 0
