food_web_filename = 'Mauritanie_689';
crc = 'crc_20d21649';
n = 51;
l = 50;
b0 = [0.01 0.01 0.12 5.334367e-05 0.42 3.42 1.45 11.79 18 10 1.24 0.83 4.21 0.077 0.003522957 1.69 0.0124958139 0.6 0.001664595 0.2 0.36 1.55 0.11 0.000374714262 1.29 0.010739035 0.22 0.35 6.195 1.37 1 9.12 17.86 5.31999969 1.14 0.57 2.09 8.1 26.2116013 31.7682018 8.0352 17.2125 8.91 55.08 3.4101 1.83224344 2.60428452 5.8862 67.8213043 548.803955 560].';
p = [0.02159732918 0.00013110828 0 0 0 0.3804408 0.008699999304 0 0 2.17080008442 0 0 0 0 0 0 0 0 0 0.06751999578 0.069948 0 0 0 0 0 0 0 0.05650758099 0 0 0 0 0 0 0 0 0 0 0 0 0 0 0 0 0 0 706.344 8138.556516 2673.77286876 0].';
q = [0 0 0.0139907263848657 0 0.102999915226675 2.67988597389584 0.288937938171795 1.80099905317528 2.30999876145764 3.81108207820631 0.0614395082729974 0.121039786649262 0 0.00299950775801257 0 0.166953725709199 0 0.0339980708312579 0 0.010983028575916 0.0709820227604963 0.145937729154571 0.0249851072319216 0 0.0139918906879516 0 0.0168017832244263 0.00899598102957453 0.00499891600498025 0.877319639610337 0.25304342461986 0.911995112072167 1.78598914768336 0.531996265299982 0.0569996347798599 0.0170998815623446 0.417997148495988 0.00499996577401198 3.00998730493471e-06 0 0 0 0 0 0 0.444946620235591 0.25009354335664 11.7724004549998 0 13.7201017546698 4402.37302483437].';
r = [0.0990442127734554 0.533350482313632 0.176283128465205 0.0007468836139605 2.42591800336598 11.4950002624979 2.82689267342151 33.208478641574 92.3399504904755 21.5947972645943 1.5720712275567 1.44467459138996 7.83055703815164 0.190928657158334 0.0238899538922136 5.54166356618275 0.201210315713661 1.76389991018644 0.0287669344957425 0.207679074816111 0.795398490653288 6.80159681927781 0.229763025885605 0.00468928595897516 1.86683789920567 0.0748506600083977 0.676222357773674 0.608727950045727 32.578635452697 3.1761020086425 1.984654310744 39.3981888415176 211.34203880926 125.905763121134 8.20794740829983 3.07797868122202 148.388956716287 36.4497525410332 310.169315815176 743.370539840693 57.8530733555966 92.9468223469649 632.605511692764 2379.4543342345 31.7138713862783 79.1528524426013 24.219802477299 117.724004549998 1356.42611343 445.628868451671 0].';
F = [
0 0 0 0 0.00599266206778343 0 0.00599138009387597 0.00498399737980321 0.0149519919832531 0 0 0.00599463713369929 0.0059926341217977 0 0 0 0 0 0 0 0 0.00599011051841164 0 0 0 0 0 0.00598999029539634 0.0059913677957634 0 0.037505332305246 0.00166132409596951 0 0 0 0 0 0.00166132151155482 0 0 0 0 0 0 0 0 0 0 0 0 0
0 0 0 6.69484662970007e-06 0.0133999889712373 0.000169126613485163 0 0.00438046669709253 0.120599935338438 0 0 0.0234577093613325 0.0227798750196785 0.00334945032978071 0.00133970347815947 0 0.00134032644277523 0 0.000200998773726115 0 6.50802774641488e-05 0 0 3.34983830388256e-06 0.00669611935409537 3.34882199495642e-06 0.00203378766384371 0.0160728176536379 0.0195407926569638 0 8.97186896256269e-07 0.133999281817621 0.133999185772436 0.107199247443906 0.000368497638883831 0.000669995359460284 0.000377656923690002 0.0415397127427117 0.0133999434837625 0 0 0.000235692395569929 0 0 0 0 0 0 0 0 0.00282830822900939
0 0 0 0 0.0193865740440224 0 0 0 0.038773149211163 0 0 0.0378177187693343 0.00718269159262381 0.00969170251806299 0.000252000214964635 0.042078237243878 0.001260483996774 0 0 0 0 0.0193783196488532 0 0 0.00831234968954379 0 0 0.00968896336146047 0 0 0.0192378397070632 0.00969324104811771 0 0 0 0 0 0.00969322596896817 0 0 0 0 0 0 0.00969327563500985 0 0.00969327530114321 0 0 0 0
0 0 0 0 7.95003245678408e-05 0 0 0 7.95003473746318e-05 0 0 7.9526526342541e-05 0 0 7.94893230026601e-05 0 7.95197574089131e-05 0 7.94999049788451e-05 0 0 7.94664750030041e-05 0 0 0 0 0 7.94648800909885e-05 0 0 3.94451929681965e-05 1.98431936484448e-05 0 0 0 0 0 1.9843162779669e-05 0 0 0 0 0 4.77001966069062e-05 7.15502118215833e-05 4.77001892876238e-05 7.15502093571709e-05 0 0 0 0
0 0 0 0 0 0 0 0 0 0 0 0 0 0 0 0 0 0 0 0 0 0 0 0 0 0 0 0 0 0 0 0 0.222333249022688 0 0 0 0 0 0.0952858381179277 0 0 0 0 0 0 0 0 0 0 2.8620403660276 0.272737693455897
0 0 0 0 0 0.221509331281895 0.0923201702795278 3.324238252375 9.0493151480666 1.29244870603935 0 0.0221508898759359 0.554036960311794 0 0 0.0885498867728662 0 0 0 0 0 0.0442683170034486 0 0 0.243438518481016 0 0.00218983471971067 0 1.14476776167169 0 0.128284085337871 0 0 0 0 0 0 0.184678722901396 0.0554037663264461 0.205565290094547 0.147743063676927 0 0 0 1.29275768409305 0 0 0 0 0 0
0 0 0 0 0 0 0 0.130458831414929 0.387027892488876 0.0862220629031464 0 0.00744472170307509 0.0434997613413527 0 0 0 0 0 0 0 0 0 0 0 0 0 0 0 0.0107233046940993 0 0.0863052628300352 0.00669801110134829 0 0.000218888963363996 0.00102877940818654 0 0 0.0217429996418318 0 0.001969997530096 0.0105066734138572 0 0 2.3924983251029 0.73949857522745 0.104367010922177 0.0926561308200749 0 0 0 0.2174984795998
0 0 0 0 0 0 0 0 0 0 0 0 0 0 0 0 0 0 0 0 0 0 0 0 0 0 0 0 0 0 0 0 0 0 0 0 0 0 0 0 0 0 0 45.9809678104729 0 0 0 0 5.10900010331553 0 0
0 0 0 0 0 0 0 0 0 0 0 0 0 0 0 0 0 0 0 0 0 0 0 0 0 0 0 0 0 0 0 0 0 0 0 0 0 0 0 0 0 0 0 91.7999357343557 0 15.2999869413763 0 7.65000129567032 22.9500004641009 0 0
0 0 0 0 0 0 0 0.036016581065293 0.359999806980411 0.075734758832729 0 0 0.359998024893953 0 0 0 0 0 0 0 0 0 0 0 0 0 0 0 1.79960976179289 0 0.071480460755256 0.575996912887684 0 0 0.000901816921687495 0.00495998864599444 0 2.15998506317422 0 1.72798730769452 0.0071999543702206 0.0179998698323747 0 12.7799910532142 5.3999903262032 2.34107600187865 5.3999901402107 0 0 0 0.701612095454587
0 0 0.0025432112574761 0 0.123999897942793 0 0 0.0595046387171056 0.376959797887044 0.111573126948537 0.00431832265002155 0.0372122297757599 0.123999319685695 0.0024789541848046 0.000743896430117879 0.0743602196996561 0.00148836249764891 0 0 0 0 0.0247894202792527 0.002477883800012 2.4798802966056e-05 0.0123896197625149 0.00223038042578416 0 0.00247825356035704 0.235548922154669 0.0111947078937952 0.0738291403596767 0.371998006239963 0.0520796835449884 0.0371997388518033 0.0495869122762266 0.00226028434475833 0 0.391837290349161 0.0976016283507409 0.087210969423382 0.0991993713230394 0.00226028365456204 0 0.0018280637202421 0 0.00182806343973771 0 0 0 0 0
0 0 0 0 0 0 0 0 0.0481446641864771 0.024066563425008 0 0.0198745017424168 0.146840494369057 0 0 0 0.00240782243641827 0.0120393068478717 0.000240798430912294 0 0 0 0.00481160054576964 0 0.00962336390888693 0.00120344466788782 0 0.00240616077594979 0.0866596781940401 0 0 0.144419225970902 0.182948788336929 0.262361158182141 0.0445491445552796 0.0481443565412745 0 0.150083762134023 0.154062350219321 0.120360915932445 0.0503861106775437 0.114342873119562 0 0.0577679595588481 0.0240699568799465 0.0650490244802967 0.112866793917622 0.150341705810663 0.0375854207600622 0.240723630786251 0.0894094349927673
0 0 0 0 0 0 0 0 0 0 0 0 0 0 0 0 0 0 0 0 0 0 0 0 0 0 0 0 0 0 0 2.21865810888284 0.13050920697881 0.913563586635535 1.17458247396624 0 0.978818322671258 0.391527292492872 0.130509449557153 2.24475551196067 1.66616744064798 0 0.978818210057524 0.957072629989844 0.154436523335144 0.957072483133326 0.154436518015869 0 0 0 0
0 0 0 8.88954617384351e-06 0.000284974965453444 0.00141339727103272 0 0.0120833136475369 0.0209766287530488 0.00318680243967159 0 0.011342207609351 0.00613635633327502 0.00422515961924023 0 0.00318668675125073 0 0 0 0 0 0.00716248017014258 0.000284805412154656 0 0.00347053269945489 0 0.000731958913264063 0.00386998764598817 0.00332035599403116 0 0.00423031844851118 0.0522337400481138 0 0 0 0 0 0.156700916374781 0 0 0 0 0 0 0 0 0 0 0 0 0.00155183115208787
0 0 0 0 0 0 0 0 0.000437955165183414 0.000437849941236537 0 0 0.000437952997199004 0 0 0 0 0 0 0 0 0 0 0 0 0 0 0 0 0 0 0.00525543683296749 0 0.00350361840403088 0.00350362055085987 0 0 0.00525542865742357 0 0.00350361726544718 0.00350362079576984 0 0 0.00357192749942938 0.00105056611796642 0.0035018890111183 0.00105056608178164 0 0 0 0
