food_web_filename = 'Middle_Atlantic_Bight_EMAX_2008';
crc = 'crc_099cc8f1';
n = 32;
l = 30;
b0 = [25.055546 5.6961769 0.0028502932 0.025720695 0.60187529 0.011243805 0.011628507 0.072527702 7.6431118 5.7494946 15.655354 0.73612839 0.46061632 2.1860297 4.8135084 6.8728847 0.49353897 0.28337651 8.0686254 6.3814971 107.04945 26.419799 5.636184 16.057114 1.7701873 5.7057435 3.431301 6.4487607 6.6107166 4.1738759 13.694062 38.206274].';
p = [4869.0157 0 0 0 0 0 0 0 0 0 0 0 0 0 0 0 0 0 0 0 0 0 0 0 0 0 0 0 0 0 0 0].';
q = [0 0 0 0 0.00065523409 0.0088739575 0.0008070852 0.013531428 0.23148382 0.014847171 0.017683143 0.048545139 0.11414996 0.016386478 0.77157101 0.13417245 0 0.018448165 0.010984289 3.0500042 0 0 0 0 0 0 0 0 0 0 0 0].';
r = [1415.9153 1042.0668 0.029384831 0.36665116 1.7678193 0.034712834 0.0057970446 0.02730163 2.5944395 0.94480074 1.8950079 0.83500913 0.19032587 1.538904 2.7965237 4.9420185 10.977365 0.47213431 40.809686 7.2809866 609.73106 45.277273 16.047066 66.56096 0.46777337 404.82673 220.85147 249.05922 181.31605 534.93499 0 0].';
F = [
0 0 0 0 0 0 0 0 0 0 0 0 0 0 0 0 0 0 0 0 0 0 0 0 0 0 0 0 0 0 0 0
386.50816 0 0 0 0 0 0 0 0 0 0 0 0 0 0 0 0 0 0 0 0 0 0 0 0 0 0 0 0 0 0 1952.5586
0 0 0 0 0 0 0 0 0.00093262 0.0010950844 0 4.7762415e-05 0.0012283791 0.0025491506 0.012049809 0.011298109 0 0.002179394 0 0 0 0 0 0 2.5806568e-05 0.0070888724 0 0.0015740807 0 0 0.0033167683 0
0 0 0 0.0013368507 0 0 0 0 0.02656003 0.022055347 0 0.00051895487 0.016596493 0.11619446 0.1006441 0.14526635 0 0 0 0 0 0 0 0 0.01577234 0.015191896 0.00098052601 0 0 0 0 0
0 0 0 0 0 0 0 0 0 0 0 0 0.0048906412 0.019714606 0.011240466 0.10546987 0 0 0.012739801 0 0.045888861 0.022100607 0.1042224 0 0.031394657 0.55960172 0.00081232608 0.845541 0.10638563 0 0 0.024377586
0 0 0 0 0 0 0 0 0 0 0 0 0 0.0051177223 0.06543831 0.011953471 0 0 0 0 0 0 0 0 6.1675825e-05 0 0.0072389015 0 0 0 0 0
0 0 0.00049021203 0.00028502668 0.00017135108 0.00016719724 0.00030781342 0.00035888579 0.00095317215 0.00094077899 0.00060245202 0.0019274493 0.00048225846 0.0021845454 0.0012960823 0.0031578796 0 0 0 0 0.0001990048 0 0.00014589686 0 1.0883761e-05 0 0 0.00017075485 0 0 0 0.0010407343
0 0 0.0041242365 0.0017556011 0.00171606 0.001349115 0.002741957 0.0010580512 0.0065204327 0.0061521382 0.0061857769 0.00024441981 0.012332233 0.013199689 0.020772197 0.020291769 0 0 0.0027392548 0.00063245969 0.0029543181 0.00060116695 0.0012988295 0 0 0.004261457 0 0 0 0 0.0063979767 0
0 0 0 0 0 0 0 0 0.31643457 0.31020816 1.0272846 0 0.15769715 1.1169901 0.61641593 1.5637652 0.1137126 1.34557 0.21298514 0.12762707 1.3230957 0.32746769 0.10282525 0.12100839 0.1450645 0.47066941 0 0 0 0 0 0
0 0 0 0 0 0 0 0 0.16137776 0.11498989 0.1619549 0 0 0.010056161 0.010452314 0.22930284 0.062672316 0.34785268 0.76415676 0.8150435 0.33172535 0.92573695 0.30232327 0.65710416 0 0.016140437 0.2892223 0 0 0 0.11487022 0.0056098319
0 0 0 0 0 0 0 0 0.47530438 0.2456943 0.89215629 0 0 1.6263288 0.34480737 0.099767532 0 0.091230826 1.5530772 1.4512836 0.86449059 0.5606578 0.87478493 1.8601183 0 0.011919188 0 0 0 0 0.12270863 0.15128336
0 0 0 0 0 0 0 0 0.023857557 0.053549342 0.050338691 0.044994632 0.024085449 0.17015327 0.24677892 0.40984242 0.018694817 0.027078157 0.23947209 0 0.024181081 0 0.015758631 0 0 0 0.048169507 0 0 0 0 0
0.012653294 0 0 0 0 0 0 0 0 0 0 0 0 0 0 0 0.0082562999 0 0 0 0 0 0.005972074 0.003159026 0.00088969273 0.019124133 0 0.91985526 0.080254678 0 0 0
0 0 0 0 0 0 0 0 0 0 0 0 0.010455447 0.36793035 0.09869046 0.086648902 0.99047764 0.37177841 0 0 0.11395376 0 0.45422203 0 0.24324486 2.1349624 0.21290893 1.4954915 0 0 0 0
2.1143592 0 0 0 0 0 0 0 0 0 0 0 0 0 0 0 0.067774429 0 0 0 0.035026608 0.018500524 0.017202928 0 0.12903896 0.44727205 0.33048179 6.2360352 1.0548275 0 0 0
0.22954849 0 0 0 0 0 0 0 0.024982193 0.021680022 0.022169505 0 0 0.013316099 0.014926394 0.013745769 1.5891525 0 0 0 0.19848792 0.15803973 0.72216288 0.17741024 0.20134164 3.5191461 0.51301769 6.3169536 1.661815 0 0 0
1.7452562 0 0 0 0 0 0 0 0 0 0 0 0 0 0 0 1.470116 0 0 0 1.1242676 0.83936332 0.94989815 0.97578845 0 0.25109246 0 5.1073403 8.9130272 0 0 1.5394604
0.16716911 0.94522638 0 0 0 0 0 0 0 0 0 0 0 0 0 0 0 0.038242072 0 0 0.22180486 0 0.14712841 0 0 0.31172522 0 0 0 0 0.14065154 0.95900159
0 22.110211 0 0 0 0 0 0 0.52410465 0.45845789 0.81955918 0 0 0 0 0 0 0 20.758485 5.8219557 37.195927 30.014704 9.3737621 11.170187 0 0 0 0 0 0 3.8771427 23.129545
45.07834 13.272077 0 0 0 0 0 0 0 0 0 0 0 0 0 0 0 0 0 0 0 0 0 0 0 0 0 0 0 0 0 13.798189
346.99283 285.70276 0 0 0 0 0 0 3.0451147 2.4939212 5.1597473 0 0 0 0 0 0 0 67.469047 7.8966812 96.401147 210.46611 63.519654 82.909848 0 85.389354 0 0 0 0 6.6938262 569.82164
174.50021 76.002806 0 0 0 0 0 0 0 0 0 0 0 0 0 0 0 0 0.63299334 4.4017909 22.572926 24.556865 0 0 0 12.501685 0 0 0 0 1.6326107 134.84264
16.823339 15.350721 0 0 0 0 0 0 0 0.17937533 0.36555823 0 0 0 0 0 0 0 1.1818591 1.4856006 15.13656 17.558388 12.351637 13.994434 0 5.6644073 0 2.7965426 1.3103386 0 0.55821473 34.401097
39.477885 80.658052 0 0 0 0 0 0 0 0 0 0 0 0 0 0 0 0 0.82818369 0.76884763 16.278966 2.35591 3.9692198 26.546035 0 14.842815 0 0 0 0 0.98243036 131.74291
0.068808406 0.068748626 0 0 0 0 0 0 0 0 0 0 0 0 0 0 0 0 0 0 0 0 0 0 0 0.034499436 0 1.2846719 1.7186496 0.20627721 0.068499249 0
129.65861 0 0 0 0 0 0 0 0 0 0 0 0 0 0 0 0 0 0 0 0 0 0 0 0 24.024183 0.98092317 174.09953 343.3921 0 0 114.14474
58.719746 11.182514 0 0 0 0 0 0 0 0 0 0 0.26343047 1.0548919 1.6872842 5.5460619 4.2747198 0 0 0 0 0 0 0 2.2151786 0 11.059565 179.55022 145.26053 29.810393 0 5.9949644
487.18889 0 0 0 0 0 0 0 0 0 0 0 0 0 0 0 0 0 0 0 3.290231 0 1.8120182 0 0 0 19.479168 72.625623 199.11409 42.804746 0 17.10618
672.62127 0 0 0 0 0 0 0 0 0 0 0 0 0 0 0 0 0 0 0 0 0 0 0 0 0 0 0 67.53651 204.28466 0 112.60802
170.79085 383.28303 0 0 0 0 0 0 0 0 0 0 0 0 0 0 0 0 0 0 0 0 0 0 0 0 0 0 0 101.10055 0 354.83731
0 0 0.00040328262 1.4002288e-07 1.3206735e-07 0.034156596 0.0034481042 0.072656011 1.1516233 0.18871384 0.1267221 0.2080936 0.2327384 0.025482237 1.0405091 0.54095403 5.9337554e-08 0.096961534 0.096760869 10.255626 0.01076571 0.0072752242 0.0003621667 0.0013931936 2.3230687e-09 0.10601448 9.3232212e-06 0 0 0 0 0
920.40245 408.42385 0.0089832744 0.091088567 0.12401813 0.010550381 0.0017903746 0.0024231329 0.81513269 0.26411042 0.68064303 0.25757348 0.021751709 0.48136511 2.6111189 1.5341788 3.3426686 0.11947367 30.680871 28.792528 1029.058 118.55553 28.386408 113.4738 0.00035749287 231.1422 202.84553 143.08218 105.58588 96.870126 0 0
];

