food_web_filename = 'Morocco_654';
crc = 'crc_b30019c8';
n = 38;
l = 37;
b0 = [20.2 56.30389 21.9626923 155.756226 2.51029563 12.41436 28.3687935 1.87613547 0.32575348 3.05386853 0.224671051 0.109319054 12.3019848 5.59070635 1.8582 1.9000082 2.236 0.395486116 0.5 3.63206887 0.289933771 0.24 5.719285 3.02465963 6.39574671 2.32115817 17.647 0.05762 0.329 0.2 0.2 2.11183476 0.005 0.015 0.031 0.062 102.458771 307.129513704321].';
p = [0 0 0 0 0 0 0 0 0.298242049053884 0 0 0 21.1544092939166 1.77827931572711 0 0 0.194257825138421 0 0 0 0 0 0 0 1.48389271558221 0 0 0.17 0 0.000659727805728 0 0 0 0 0 0 10395.5664955854 0].';
q = [0 0 99.710623042 304.933561475 2.40766878449 0.000264893781 0.0343622155 0.005621276 0.00253343559 0.0404600054 0.0404600054 0.008987255 0.0404600054 0.0404600054 1.3466686 0.0404600054 1.08358967 0.0404600054 0.189776272 0.03639982 0.000688243 0.03639982 0 0 1.2506516 0 1.92677081 0.176280706 0.128431842 0.0510994457 0.0511024855 0.360410541 0 0 0.02933631327468 0 0.008843054 4782.64648467625].';
r = [955.864 506.735016 346.132019 929.8646 6.155245 76.96903 208.983429 8.251244 1.68636048 13.9916029 0.4758533 0.332657844 90.05791 34.4186249 9.433709 10.3854446 8.871553 1.16581392 1.59680009 30.3292274 1.58321226 0.72888 46.05054 17.076622 26.2877979 4.149767 137.025421 0.13697426 1.2856003 0.44736 0.33984 13.2200851 0.01325 0.625116 0.1147519 0.596600652 1732.5944159309 0].';
F = [
0 0 0 0 0 0 0 0 0 0 0 0 0 0 0 0 0 0 0 0 0 0 0 0 0 0 0 0 0 0 0 0 0 0 0 0 1826.08 0
84.48028 140.8005 0 0 0 0 0 0 0 0 0 0 0 0 0 0 0 0 0 0 0 0 0 0 0 0 0 0 0 0 0 0 0 0 0 0 814.8272 367.4893
0 0 0 0 0 0 0 0 0 0 0 0 0 0 0 0 0 0 0 0 0 0 0 0 0 0 0 0 0 0 0 0 0 0 0 0 0 487.5718
0 0 0 0 0 0 0 0 0 0 0 0 0 0 0 0 0 0 0 0 0 0 0 0 0 0 0 0 0 0 0 0 0 0 0 0 0 1464.109
0 0 0 8.91657 0 0 0 0 0 0 0 0 0 0 0 0 0 0 0 0 0 0 0 0 0 0 0 0 0 0 0 0 0 0 0 0 0 2.229143
17.32615 0 4.469283 31.04365 0.3604703 2.482553 0.7383125 0 0 0 0 0 1.490048 0 0 0 0 0 0 0 0 0 0 0 0 0 0 0 0 0 0 0 0 0 0 0 0.8078007 65.42534
32.15145 32.15145 9.645401 64.30267 0 0 6.429657 0 0 0 0 0 0 0 0 0 0 0 0 0 0 0 0 0 0 0 0 0 0 0 0 0 0 0 0 0 64.30267 112.5297
0 1.219071 0 7.319289 0 0 0 0 0 0 0 0 2.327317 0 0 0 0 0 0 0 0 0 0 0 0 0 0 0 0 0 0 0.1097164 0 0 0 0 0 0
0 0 0.02456111 0.1929802 0 0 0 0 0 0 0 0 0 0 0 0 0 0 0 0 0 0 0 0 0 0 0 0 0 0 0 0 0 0 0 0 0.9526202 0.8643172
0 0.7357712 3.027865 4.794625 0 1.681374 1.580546 0.02589627 0 0 0 0 4.690374 0.2924919 0 0 0 0 0 0 0 0 0 0 0 0 2.004263 0 0 0 0 0 0 0 0 0 0 0
0 0.01076649 0.05057746 0.1319521 0.001117783 0.184783 0.1319521 0 0 0 0 0 0 0 0.07636694 0 0 0 0 0 0 0 0 0 0 0 0 0 0 0 0 0.0831273 0 0 0 0 0 0
0 0.000591444 0 0.06999073 0 0.000295722 0.000295722 0 0 0.02443222 0 0 0.1221498 0.07671004 0.1026153 0.04389829 0 0 0.01600185 0 0 0 0.02020767 0 0 0 0 0 0 0 0 0.01146744 0 0 0 0 0 0
14.87633 10.40017 8.222875 50.27815 0 5.076132 1.261408 0 0 0 0 0 0.630972 0 0 0 0 0 0 0 0 0 0 0 0 0 0 0 0 0 0 0 0 0 0 0 1.094173 21.79824
1.250951 1.541631 7.410636 22.37212 1.709884 0.2838407 4.175536 0.2838407 0 0 0 0 3.895115 0 0 0 0 0 0 0 0 0 0.03830139 0 0 0 0 0 0 0 0 0.0478658 0 0 0 0 1.709884 1.347388
0 0.711583 1.50966 4.86418 0.4332887 2.097087 2.388269 0.1872585 0 0.09346499 0 0 0.002944134 0.00249678 0.1180671 0.01556939 0 0 0 0.01016548 0 0 0.6230083 0 0 0 0.5593689 0 0 0 0 0.0481522 0 0 0 0 0.742792 0.3114459
0 0.4230098 0.8462086 2.49555 0 0.3427154 8.024717 0 0 0 0 0 0.7080221 0 0.0708022 0.4418001 0 0 0.01421734 0.1107118 0 0 0 0 0 0 0.438313 0 0 0 0 0.2389939 0 0 0 0 0 0
0.1451681 0.6522307 0.5737728 1.913105 0.07803832 1.641751 4.580276 0 0 0.06578715 0 0 1.178966 0.04755023 0.06728384 0 0 0 0 0 0 0 0 0 0 0 1.102606 0 0.0141659 0 0 0.5009556 0 0 0 0 0.5471074 0.08391217
0 0 0 0.3109566 0 0 0 0 0 0 0 0 0.4146088 0.4146088 0.08375097 0 0 0 0 0 0 0 0 0 0 0 0 0 0 0 0 0.3109566 0 0 0 0 0 0
0 0.07336545 0 0.1295247 0 0.1260758 0.1965479 0 0 0.00206933 0 0 0.01647799 0.4595934 0.09780402 0.2935831 0 0 0.02444646 0 0 0 0 0.2200712 0.1467141 0.1829057 0.2937831 0 0.02473121 0 0 0.1558066 0 0 0 0 0 0
10.9381 14.61477 2.298748 4.595841 0 0 0 0 0 0.459776 0 0 0 0 0 0 0 0 0 3.446864 0 0 7.536712 0 0 0 0 0 0 0 0 0 0 0 0 0 2.047593 0
0 0.1817117 0.1817117 0.2509324 0 0 0.2728403 0 0 0 0 0 0 0 0 0 0 0 0 0.5571683 0 0 0 0 0 0 0.2728403 0 0 0 0 0.4520801 0 0 0 0 0 0
0 0 0.07185609 0.311269 0 0 0 0 0 0 0 0 0 0 0 0 0 0 0 0.1912405 0 0.02126593 0 0 0.07791664 0.07791664 0 0 0 0 0 0.2901352 0 0 0 0 0 0
42.41665 23.8547 0.830655 7.454595 0 0 0 0 0 0 0 0 0 0 0 0 0 0 0 0 0 0 0 0 0 0 0 0 0 0 0 0 0 0 0 0 0 0
4.062086 14.64657 0 0 0 2.133556 2.133556 0 0 0 0 0 0 0 0 0 0 0 0 0 0 0 2.646122 0 0 0 0 0 0 0 0 0 0 0 0 0 0 0
8.118606 6.866484 0.9469395 0 0 0 4.039107 0 0 0.2849617 0 0 0 1.988572 0 0 0 0 0 0 0 0 0.7812253 0 0 1.141535 11.47931 0 0 0 0 1.628107 0 0 0 0 1.624002 0
0.7215404 0 0 0 0 0 0 0 0 0 0 0 0.4208986 0.1803851 0 0 0 0 0 0 0 0 0 2.991386 2.450231 0.3006418 0.3758023 0.0007478466 0 0 0 0 0 0 0 0 0 0
78.26391 68.41252 0 14.65983 0 0 4.886607 0 0 0 0 0 0 0 0 0 0 0 0 0 0 0 0 0 0 0 0 0 0 0 0 0 0 0 0 0 19.54643 9.777125
0.002161311 0.009390044 0.001041784 0.001769477 0 0.001632645 0.001523802 0 0 0.00737023 0 0 0.004445461 0.0102639 0.02114976 0 0 0 0.002174546 0.004055181 0.001575114 0.001691732 0.004288415 0.01061375 0.03140433 0.01036341 0.04566547 0.01149382 0 0.0006997052 0 0.03268402 0 0 0 0 0 0
0 0.04676986 0.03203835 0.2777009 0 0.2325074 0.3853382 0 0 0.0016774 0 0 0.05079562 0.03327173 0.0561337 0.006610929 0.04920702 0 0.04151073 0.2551129 0.05140738 0.001381389 0.0470264 0 0 0 0.04406629 0.001893273 0 0 0 0.2631535 0 0 0 0 0 0
0 0.001821153 0.002104559 0.08771252 0 0.06208714 0.016784 0 0 0 0.0006822766 0 0 0.02384293 0.03539964 0.02410535 0.0339931 0.01852675 0.0191656 0.02490834 0.02874841 0 0 0.0008922074 0.03591397 0 0.02840894 0.003499348 0.01368794 0.002309243 0.001049656 0.1646595 7.086095e-05 0 0 0.0001369968 0.00414614 0.003883726
0.04379053 0.0002180911 0 0.01854658 0 0 0 0 0.001030365 0.04121461 0.01648585 0.04636645 0.002060731 0.03606279 0.002060731 0.003091096 0.0002180911 0 0.02575913 0 0 0 0 0 0.04121461 0 0.07058002 0.0005151827 0.01133402 0 0 0.1514637 0 5.711909e-05 5.147486e-05 0.000102952 0.002575913 0
1.583182 3.359421 1.583182 2.470162 0 4.874381 4.53045 0 0.1672613 0 0 0 0.6692462 0 0 0 0 0 0 1.425637 0.02835191 0.02858053 1.00397 0 1.656549 0 0.5019848 0 0 0 0 0.8261073 0 0 0 0 0 0
0 0.0175 0 0 0 0 0 0 0 0 0 0 0 0 0 0 0 0 0 0 0 0 0 0 0 0 0 0 0 0 0 0 0 0 0 0 0 0
0 0.09776812 0 0.03910725 0 0 0 0 0 0 0 0 0.1642504 0 0.1173217 0 0 0 0 0 0 0 0.1759826 0 0 0 0.0312858 0 0 0 0 0.156429 0 0 0 0 0 0
0 0.1023926 0 0 0 0 0 0 0 0 0 0 0.005768595 0.005768595 0.005768595 0 0 0 0 0.004326446 0 0 0.004326446 0.004326446 0.004326446 0 0.004326446 0 0 0 0 0.002884298 0 0 0 0 0 0
0 0 0 0.007518538 0 0.007518538 0.007518538 0 0 0 0 0 0.05262977 0.05262977 0.05262977 0.02255561 0 0 0 0.03383342 0.03383342 0 0.03383342 0.02255561 0.02255561 0 0.01654078 0 0 0 0 0.3841973 0 0 7.518512e-05 0.0007505001 0 0
0 0 0 0 0 0 0 0 0 0 0 0 0 0 0 0 0 0 0 0 0 0 0 0 0 0 0 0 0 0 0 0 0 0 0 0 0 0
573.8356 579.9301 0 0 0 25.94601 66.71394 2.221532 0.4755349 3.82039 0.1371617 0.1006446 27.84739 9.761932 3.031269 2.877942 3.348371 0.3100809 0.5136481 9.508756 0.4414677 0.2234006 15.59106 5.295423 8.377469 1.578504 39.32506 0.05605344 0.3996517 0.1377316 0.1228079 5.269028 0.004179139 0.1569719 0 0.1535847 5928.674 0
];

