food_web_filename = 'New_Foundland_518';
crc = 'crc_22dfde7c';
n = 50;
l = 49;
b0 = [1e-06 0.251 1e-06 0.184 0.034 0.000168 0.009989 0.002169 2.41507 0.34 0.97 0.78 0.35 0.5 0.171325237 0.389332324 0.0483587123 0.52 0.0175109152 1.88 0.372547 0.1107481 4.64334154 0.267329246 5.33317232 1.57177758 0.232459262 0.105525143 0.01412667 13.61 2.69 3 1.5129838 0.0123561407 4.70631 1.527422 0.8110983 1.85211849 0.174434 7.60423756 0.004479 1.46 112.3 10.5 42.1 7.8 22.46 33.67 26.86 389].';
p = [0 0 0 0 0 0 0 0 0 0 0 0 0 0 0 0 0 0 0 0 0 0 0 0 0 0 0 0 0 0 0 0 0 0 0 0 0 0 0 0 0 0 0 0 0 0 0 0 3000.7992 0].';
q = [3.40508589002492e-06 0 3.14546184491355e-06 0.0028467489778805 0.000167279266307623 1.39812171359657e-05 0.000748623730839692 0.000175977187084692 0.52318088191614 0 0.0934021790192633 0.0218960144938435 0.0321491733369052 0.00184100278927899 0.165493007392112 0.0223568414656394 0.0191407833601477 0.0350709949506113 0.00024358843829653 0.156495069385348 0.0174196706074627 0.020369881767776 0 0.0281057296314431 0 8.87308566840487e-05 0 1.92296800772052e-05 0.0033853270704103 0.11419886830706 8.29960778936564e-05 0 0.018178297959403 0.000707491694111821 0.00167482996903503 0 0.64402623816007 0 0.0149065314628101 0 0.00141421877221042 0.00309064672094886 9.98658422479782e-08 0 0.000243672642204438 0 0 0 0 871.438564858617].';
r = [1.33224579235167e-05 2.23449463562399 1.23563033867308e-05 2.39040342564131 0.329525216307181 0.00730658407525569 0.402058035590492 0.0944477062111399 5.08693702199521 1.15955623990565 0.940709823498669 1.61361356293104 0.283518264664092 1.24912039252579 0.37004281028717 0.439277786420646 0.0505815593065899 0.990231841888653 0.061815339005891 2.10280616615711 1.14276831578518 0.279207473549127 4.46093554408674 0.275452479113047 7.27086869446932 4.7574358039928 0.231565127877846 0.0886757709374208 0.0358580751349717 28.2514048937681 13.405250314435 5.1005219323797 4.1387271413379 0.0145738539392445 3.64804564555637 3.67639731956234 2.01395530637827 4.01265136403304 0.572063447864319 24.0495166135474 0.01411794215972 9.16707600847113 530.870091858993 165.442538906388 189.044462487396 58.4215129095347 273.233796661727 273.858329166132 500.133220833335 0].';
F = [
0 0 1.63551872361573e-08 1.58432020283861e-08 1.57588843826896e-08 0 0 0 0 0 0 1.47693522468221e-07 0 0 6.20923086323538e-08 6.0606830265187e-08 6.73541145736942e-08 0 0 0 0 0 3.32910604056993e-08 0 1.68107049438258e-07 2.68993075405241e-07 0 3.24271345071116e-08 0 6.7256701225836e-07 0 0 0 0 0 0 0 0 0 2.02782871428971e-06 1.68216628866697e-09 2.02202738867453e-06 8.4202204462078e-07 1.68404359896052e-06 5.05213180093539e-06 3.36808810116863e-06 0 1.68630617959296e-07 0 0
0 0 0 0 0 0 0 0 0 0.0297523397083476 0 0 0 0 0 0 0 0 0.00288437376557177 0 0 0.0502762962222919 0.0525978959108145 0.0487665821039499 0.0531198441996377 0 0.0205248083273455 0.0085388250216865 0.00282456691504318 1.18336836888957 0.035521841361167 0 0.189420224256459 0 0.192399567340149 0.103501334376818 0 0.189445964146591 0 0 0 0 0 0 0 0 0.36702669453494 0.293069131212097 0 0
0 0 0 0 0 0 0 0 1.50167876327986e-06 1.21823842234887e-06 0 9.79961383715445e-08 0 1.47133127019456e-08 1.02997163734163e-07 4.30856161983886e-07 4.78822851683007e-07 6.05013649595793e-08 0 8.44646225664884e-08 7.61337344701996e-08 0 6.46890704455414e-07 0 4.14294127380018e-07 4.780703905906e-08 2.37477941359403e-07 6.14735085746898e-08 3.05023216873418e-08 1.73865565246493e-07 7.20845135362852e-06 3.18513920364159e-08 1.19855691189254e-06 7.90808290807724e-08 6.87243030173959e-07 1.59672098112422e-07 4.57941694000172e-07 0 1.66097099147669e-08 0 0 0 0 0 0 0 0 0 0 0
0 0 0 0 0 0 0.000194757698371845 0 0.00902850250675584 0.0160975532361327 0.0322384513590383 0.103807866122558 0.0234830279696117 0.0501275879626459 0.000114624653829704 0.21011224409167 0.000293310544440494 3.02128265855314e-06 0 0.0084637410948855 0 0 3.15161560299085e-06 0.017590160622837 0.0191603871220661 0.0415175267537968 0 0.00307996305337773 0 1.324081055602 0.467665999729352 0.354273769854434 0.0320269076670156 0 6.38495779059697e-06 0.00121836830869152 0.0214143290667312 0.00126426434015597 0.00332873695024775 0.000483128650190959 0 0.220862431011755 0 0 3.82622372593019e-05 2.23196344162939e-05 0.048043633576392 0 0 0
0 0 0 0 0 0 0 0 0.00586413278708877 0.0156833566114917 0 0 0.0375866229693086 0.113681277887001 0.00861877117153652 0.0308461224331554 0.00934914023585915 0 0 0.0467271607461614 0 0 0 0.00530448399273054 0.0173340051838868 0 0 0 0 0.00242483599216177 0 0.031983777249389 0.0312028554866119 0.00352931192633866 0.0129282175101717 0 0.0208633422781509 0.0218449699007399 0.000463298306978918 0 0 0 0 0 0 0 0 0 0 0
0 0 0 0 0 0 0 0 0 0 0 0 0 0 0 0 0 0 0 0 0 0 0 0 0 0 0 0 0 0 0 0 0 0 0 0 0 0 0 0 0 0 0 0 0.00826709371597042 0.000918565941439146 0 0 0 0
0 0 0 0 0 0 0 0 0 0.00273968947790339 0 0 0 0 0 0 0 0 0 0 0.000196710434792467 0 0.00215261322673033 0 0.00217397440041863 0.00217415024785905 0.00215998665846046 0.00209675143399824 0.000197025844667718 0.391891821264699 0.0310741515435382 0.0369374073412305 0.00599582793967328 0.000204324986557916 0.00327078594546265 0.0092584197876774 0.00312391507390081 0.00599664269930639 0 0 0 0.00381340040211575 0 0 0 0 0 0 0 0
0 0 0 0 0 0 0 0 0 0 0 0 0 0 0 0 0 0 0 0 0 0 0 0 0 0 0 0 0 0 0 0 0 0 0 0 0 0 0 0 0 0 0 0 0 0 0.113619112860785 0.00511824454509715 0 0
0 0 0 0 0 0 0 0 0 0.0720893839592936 0 0.185038576532399 0 0.0432164542866786 0.00720302354562934 0.000700957282936448 0 0.00146167469929946 0 0.0344572920509524 0 0 0.000770065277671579 0 0.19501275463538 0.117017157121414 0.00231038229582627 0.00224274412662838 0 2.26970703987947 0.39122171222084 0.179313862959019 0.0391160539505907 0 2.50368282279145 0.0156331515059487 0.00747268156205902 0.0234728196062805 0.00813110372609065 0.407746726444737 7.79147652927787e-05 0.304935116419598 0.0312572296700477 0.0468858319900123 0.164100442100046 0.101586023024618 0.383363482086541 0 0 0
0 0 0 0 0 0 0 0 0 0.0121394603406625 0 0.000362123644760054 0 0.00381198129598247 0 0 0 0 0 0.000182070462592028 0 0 0.000204062377889841 0 0.0103208568482487 0.03922242837247 0 0 0 0.805192939034382 0.0641855768125968 0.0660174578706667 0.0331228644735901 0 0 0.00206842237654596 0 0.00414092043320145 0 0.0497990684458116 0 0.163452943721739 0.000412903713505015 0.035152984293815 0.0103391101014039 0.287427252369865 0.397501467416174 0.000413458444033656 0 0
0 0 0 0 0 0 0 0 0 0.000162385362058132 0 0.000509434074558691 0 0.00178113429907303 0.000178477351869573 0.000174207511512996 0 0 0 0 0 0 0 0 0.00771581396230818 0.00964554659741866 0 0 0 0.522680544377679 0.326994847359373 0.00192790113704771 0 0 0 0 0 0.00193482990619096 0 0.0950127601973382 0 0.00580046641107073 0.575846719167819 0.0328502079213565 0.115941939806796 0.144927395531774 0.0406286777644593 0 0 0
0 0 0 0 0 0 0 0 0 0.00978285960728441 0 0.00255755959375049 0 0.00537594906502936 0.0215046338449506 0 0 0 0 0.00257180697852182 0 0 0 0 0.0174663230945859 0.0436693397562176 0 0 0 0.905259806163083 0.268638305086852 0.0116378628164925 0 0 0 0 0 0.000297413248856209 0 0.0731567472830361 0 0.0379326773152613 0.332447097295458 0.329530897064921 0.0641564501270022 0.417016953513288 0.274454131394986 0.000297433431676899 0 0
0 0 0 0 0 0 0 0 0 0.0390851643896031 0 4.53232172812415e-05 0 0.0720718533451123 0 0.000931792867364968 0 0.000490663299400951 0 0.0543436680611367 0 0 0 0 0.0429034221010676 0.00982205918971302 0 0 0 0.2133862924745 0 0.0165320505827076 0 0.000204819340194809 0 0.00569770548768216 0.000495184848311172 0.0077772510547314 0 0 0 0.00777186035304499 0 0 0 0.00103564564928487 0.00207379315161874 0 0 0
