food_web_filename = 'Ningaloo_432';
crc = 'crc_fd831d4f';
n = 53;
l = 50;
b0 = [0.001201923 0.6009615 0.100961506 0.0001057694 8.46153052e-05 0.438483268 0.0589014925 0.633825 0.001666665 0.0246873852 0.0383715332 0.0030675 1.56288469 0.01373077 0.000457271934 0.082 1.06856942 0.000157135641 0.007400284 0.26 0.1042841 0.28 0.107411049 0.0658693239 0.06769232 0.6046155 0.203076944 0.413076 2.35384655 2.446154 0.008903069 0.9520001 1.5535363 0.777999938 1.15384626 0.4110578 0.222115368 0.624230742 1.17692316 0.950100064 1.54902518 6.12750053 2.226667 0.378374815 1.35873233e-05 4.88 10.77725 33.02725 8.777252 19.13625 15 5 70].';
p = [0 0 0 0 0 0 0 0 0 0 0 0 3.438346318 0 0 0 10.6320460311272 0.0181120458377659 0 0 0 0 0 0 0 0 0 0 0 0 0 0 0 0 0 0 0 0 0 0 0 0 0 0 0 0 171.358275 525.133275 139.5583068 1607.445 15 5 0].';
q = [9.99951943745553e-07 0.0984799895674528 0.031163077175684 2.88488610085208e-06 0 0.0372444452843575 0.00703773828239465 0.015336496755117 2.79658711946429e-06 0 7.9734757476964e-06 2.22424459290334e-05 0.00559867735381823 7.05172667080468e-05 0 0.0012997922530556 0.000179194752032881 0 1.29239783471576e-06 0.033814186667657 0.0137830978125202 0.0516120140058305 0.0110670390928852 0.00235774057122368 0.00354836203729581 1.12444836680301e-05 0 4.02365956776694e-06 0.000945964168317203 0.0235742271945116 0.000293034641026362 0.0536347352054413 0.0533390766344902 0.0040674275199758 0.000241159834664743 0.00454206942468401 0.000587441639669178 0.000165317694772521 0.000206169648039249 0.00999727521665795 0 3.0902338407556e-05 0.0234975643933701 0.00997823373912781 0 0 0.000198445040781469 0.00496780460925125 0 0 0 0 174.835924568991].';
r = [0.00504783402834548 3.84615372310679 0.555288249674113 0.0046732030340219 0.00394380487462302 1.54697395434288 0.201370080354173 1.37465810682496 0.00298374665539167 0.13729243994113 0.103982623404311 0.00465561696528777 3.41279996882554 0.00151032629883821 3.93245906083043e-05 0.0664093951478438 15.0599689478991 0.0146092605218193 0.00407014965131949 0.907230345794074 0.586549122990523 0.994172048530649 0.70376765301103 0.28343099412367 0.15695169338535 3.7678740380951 1.00267076034892 2.93963863717577 14.26427986168 28.6115542709309 0.0793246613360602 18.4881088492578 30.1707816336445 5.88469242164651 8.63997245768932 9.34342598556303 5.05097233832231 6.80044138857092 12.824335320345 3.89434739269088 4.35737220852225 1377.81098866658 19.7715952765215 7.55849893787088 0.00570824511700135 303.750254186035 28.5597183691679 87.5222056158338 23.2597180373545 267.907511775982 0 0 0].';
F = [
0 0.00175817299227769 0.00124218688742035 6.36773331966705e-06 0.000191141271188419 0 0 0 0 0 0 0 0 0 0 0 0.00127400068912091 6.37018184984599e-06 0 0 0 0 0 0 0 0 0 0 0 0 0 0 0 0 0 0 0 0 0 0 0 0 0 0 0 0 0 0 0 0 1.27403806451725e-05 4.45913398173536e-05 0.00183431472053417
0 0 0 0 0 0 0 0 0 0 0 0 0 0 0 0 0 0 0 0 0 0 0 0 0 0 0 0 0 0 0 0 0 0 0 0 0 0 0 0 0 0 0 0 0 0 0.0540865511150623 5.35456657883002 0 0 0 0 0
0 0 0 0 0 0 0 0 0 0 0 0 0 0 0 0 0 0 0 0 0 0 0 0 0 0 0 0 0 0 0 0 0 0 0 0 0 0 0 0 0 0 0 0 0 0 0.151442331122172 0.605768952352502 0 0 0 0 0
6.55738786135605e-06 0.000426250698127807 0.00032788507028371 0 5.24713574125106e-05 0.000327700354880964 2.94989601825337e-05 0.0001638541333341 3.27857169932219e-06 0 0 0 0 0 0 0 6.55751095418682e-06 5.9019235959618e-06 0 6.55647692341287e-06 0.000196664720064165 6.55883833062052e-06 0.000117998025028001 0.000236018534250532 7.20913284043566e-05 0.000524435349785928 0.000458797033187757 5.90231376044377e-05 0.000754134206625625 0.000177005733689274 0 3.27171644199555e-05 3.94135379369909e-05 0.000104852125103318 6.55680633694373e-05 0.000196559877614966 0.000196647291366772 6.55416213995604e-05 0.000262223708057003 6.55591446347259e-05 0.000196729484063005 0.000648799801553887 0 0 0 0.000327858264956809 0 0 0 0 6.55770333208189e-05 0.000327885098656981 0
0 0 0 0 0 0.000219875842280546 0 0 0 0 0 0 0 0 0 0 2.19993357189081e-05 2.74999261820223e-06 0 0 0.000384869695532713 0 8.7969596095366e-05 0.000197950512725698 0.000109933715913907 0.000219923959774468 7.14622101056562e-05 9.90062969328345e-05 0.000467498612244369 0.000258423492626882 0 0 2.19989741644507e-05 0 2.74962098103196e-05 0.000384664520545103 0.000164929509091644 0 0.000219929019835068 0.000142960898455623 0.000164998444701926 0.000873943154244131 0 0 0 0.000824931679734016 0 0 0 0 9.34999147348327e-05 0.000439999598197759 0
0 0 0 0 0 0.0232265157651116 0.000929247444796059 0.000929082877838418 0 0 0 0 0 0 0 0 0 0 0 0 0 0 0 0 0 0 0 0.0302134490807752 0.0209156058084091 0.232327498260603 0 0.0115945212844847 0.0116437676244757 0.0255462532569291 0.232364323477444 0.246125501233323 0.232297097862013 0.301951871701543 0.464642763156544 0.0580831841714588 0.092957686445085 0.0812869312435727 0 0 0 0.232377080046422 0 0 0.0232396102371493 0 0 0 0
0 0 0 0 0 0.0169540719327269 0.00084787396046114 0.00084772380450546 0 0 0 0 0 0 0 0 0 0 0 0 0.0028263180372867 0 0.0019784080251025 0 0 0 0 0.0101788366405165 0 0.0110231050939357 0 0.100008696923875 0.100646298257031 0 0 0.00056496216411567 0.000565213413063283 0.00169544704147508 0.00706590496668094 0.00141325044737243 0.0226179842157612 0.00339056875286572 0 0 0 0 0 0 0 0 0 0 0
0 0 0 0 0 0 0 0 0 0 0 0 0 0 0 0 0 0 0 0 0 0 0 0 0 0 0 0 0 0.439111039149263 0 0.614895171851132 0.618301130079224 0.2090205136832 0 0 0 0 0 0 0 0 0 0 2.09162204287177e-05 0.209145081574457 0 0 0 0 0 0 0
0 0 0 0 0 4.97719404543604e-05 2.98691659020845e-05 0 4.97957579122214e-06 0 3.98383799177587e-08 0 0 0 0 0 0 0 0 4.48116201217659e-06 4.97831967553449e-06 2.49043109199137e-06 4.97828394110952e-06 3.48513224438501e-05 4.97700366319658e-05 0.000233979312821248 4.97737279359809e-05 0.000722146585943359 0.0030328135921121 0.000285269765450694 0 1.2422914933135e-05 1.24756695883127e-05 0.000109485784138489 4.97931906308958e-05 2.48783286049468e-05 1.99115139600505e-05 9.95462205500344e-06 4.97839779299181e-05 4.9786417634488e-07 9.95991818918072e-07 0.00014930500478911 0 0 0 2.98775545363588e-05 0 0 0 0 0 0 0
0 0 0 0 0 0.000863571650824979 0 0 0 0 0 0 0 0 0 0 0 0 0 0 0.00086376695408892 0 0.000777384628582744 0.000604690339447175 0.000863538618416895 0.00172752126862649 0.0017272053293081 0.0122704215694339 0.0172811334875132 0.0552834158949388 0 0.0103461362056864 0.010390084945267 0.0176148496257254 0.00431970126781394 0.00172661295557409 0.00172738081175204 0.00017271838957657 0.00172756101582964 0 0.000172810280535466 0.0172701818581756 0 0 0 0.010713453108954 0 0 0 0 0 0.000432029198230406 0.00397401844853053
0 0 0 0 7.29194420815508e-05 0.000728648315520273 0 0 0 0 0 0 0 0 0 0.00145788510831407 0 0 0.000291623227209397 0.00145784537948927 0.00102033860670353 0.00145837044296878 0.000437284764040404 0.000102042892558681 0.000728620444053574 0.0014576153450068 0.00145734876768186 0.00904091623285013 0.0170599439548541 0.000291537614678132 0.00145726921878026 0.000290989105511148 0.000292225038907327 0.0116570481716527 0.0609410061334796 0.000437054783633302 0.000437249149842956 0.00145733068289132 0.0145764888215294 0 0.00116648541848277 0.0145719086327368 0 0 0 0 0 0 0 0 0 0.000145811799402754 0.00131209120913397
0 0 0 0 6.01341594428912e-05 0.00150222810037024 0.000105177150305809 0.000766154644600575 0.000165324116081174 0 1.20241110230693e-06 1.50280117629395e-08 0 0 1.5030445683646e-06 0.000150283492774876 0 0 7.51536281580964e-05 0.000135251407669034 0.000315539296514021 0.000105233515852691 2.70460269931923e-06 0.000540972304464269 0.00181762672275754 0.00121707129601835 7.2109538426385e-05 0.000180380636421573 0.00133773417356495 0.00259955240331921 0.000525770067113779 0.00074990208802656 0.000768117480186603 0.000443106736364306 0 0.000747879825401125 0.000442001224567729 0 0 0 0 0 0 0 0 0 0 0 0 0 0 1.95399799199641e-05 0.000180339478216426
