food_web_filename = 'North_Brazil_189';
crc = 'crc_db18bb59';
n = 19;
l = 18;
b0 = [1.5 9.97 2.1 2.5 14.5 82.79075 2.5 2.2 1.9 1.3 2 3.2 0.7 0.9 0.324 0.36 13000 6.4 21943.6260495804].';
p = [0 0 0 0 0 0 0 0 0 0 0 0 0 0 0 0 2340 1420.8 0].';
q = [13 0 0 0.6 0 15 1 0.3 0 0.5 0 0.8 0.1 0 0 0 250 0 240.72281696313].';
r = [210 279.16 5.6699996 39 1022.25 906.558655 24.5 31.9 20.14 10.53 6.8 7.68 1.75 16.02 12.8466005 17.172 390 236.8 0].';
F = [
45 0 0 0 0 0 0 0 0 0 0 0 0 0 0 0 0 315 90
24.925 49.85 0 0 0 0 0 0 0 0 0 0 0 0 0 0 0 124.625 299.1
0 4.2 0 0 0 0 4.2 0 0 0 0 0 0 0 0 0 0 0 0
0 16.5 0.55 0.55 26.95 0 0 1.65 0.55 0 2.75 0 0 0 0 0 0 0 5.5
0 0 0 0 0 0 0 0 0 0 0 0 0 0 0 0 0 137.75 1239.75
0 0 0 0 0 0 0 0 0 0 0 0 0 0 0 0 1043.163 0 115.9071
0 0 0 0 0 0 0 0 0 0 0 0 0 0 0 0 37.5 0 0
5.5 19.25 0 0 0 0 0 0 0 0 0 0 0 0 0 0 0 8.25 22
26.6 0 0 0 0 0 0 0 0 0 0 0 0 0 0 0 0 7.6 3.8
7.605 2.535 0 0 0 0 0 2.535 4.225 0 0 0 0 0 0 0 0 0 0
0.8 11.2 0 0 2.4 0 0 0.8 0 0 0 0 0 0 0 0 0 0 0.8
0 2.176 0.128 2.048 3.328 0 0 1.28 0.64 1.28 1.28 0 0 0 0 0 0 0 0.64
0 0.14 0 0.42 0.28 0 0 0.14 0.42 0.42 0.28 0.7 0 0 0 0 0 0 0
0 0 0 0 0 0 0 0 0 0 0 0 0 0 0 0 27 0 0
0 0 0 0 9.105337 3.577335 0 0 0 0 0 0 0 2.601698 0 0.1026 0.8130306 0 0
0 2.170936 0 0.2170936 10.63759 1.085468 0 1.085468 0.8683745 0.4341873 0.8683745 0.6512809 0.2170936 2.170936 0.10773 0 1.085468 0 0
0 0 0 0 0 0 0 0 0 0 0 0 0 0 0 0 0 0 0
0 0 0 0 0 0 0 0 0 0 0 0 0 0 0 0 0 0 0
116.57 111.3181 2.052 12.16491 302.5491 232.849 7.8 15.30953 11.15663 3.735813 4.021625 2.968719 0.7329063 6.207366 3.24567 4.3254 590.4382 590.775 0
];

