food_web_filename = 'North_Sea_457';
crc = 'crc_c89b16c3';
n = 68;
l = 65;
b0 = [0.067 0.017 0.008 0.003 0.001 0.0167843066 0.002 0.002 0.268 0.109 0.066 0.05 0.1240688 0.161 0.021825036 0.352 0.00667701149 0.104 0.139507577 0.22 0.014 0.08 1.394 0.0511698574 0.20224987 0.042 0.077 0.0854141042 1.966 0.579 1.72 0.579 3.122 0.703 3 0.35 0.25 0.158 0.305 0.082 0.054 0.034 0.033 0.045 0.014 0.0169843528 0.3661745 0.02968085 0.08 0.331931919 3.14058471 16 0.066 1.354 1.1 78 136 0.5 30 150 105 4.11549759 0.105 1.46 7.5 25 25 4.40936268593492].';
p = [0 0 0 0.218159772768 0 0 0 0 0 0 0 0 0 0 0 0 0 0 0 0 0 0 0 0 0 0 0 0 0 0 0 0 0 0 0 0 0 0 0 0 0 0 0 0 0 0 0 0 0 0 0 0 0 0 0 0 0 0 0 0 0 0 0 0 2579.999904 0 0 200].';
q = [0 0 0 0 0 0.00838384543176622 0.000257317844983005 0.000242769791351029 0 0.00643819136193581 0.00515994462000691 6.4366055117543e-05 0.0735722105662612 0.116214534750308 0.00231644708672203 0.174245334561094 0.00195538045980003 0.0891301831979605 0.0268989509582873 0.114125024092518 0.00509943967559429 0.0589131257042744 0.264026689490445 0.0350058767020848 0.0266829939228132 0.021495224802791 0.0076110508939988 0.0211922341643648 0.844380067857962 0.178746046789427 0.524559635190156 0.166280801767499 1.42497778546205 0.346911252699536 0.125377456609244 4.81484558972777e-06 0.0590636416667522 0.0612133315195841 0.0133653598642995 0.0148715205776171 0.00404223023319233 0.00333940420814542 0.00127255860073808 0 0.00486888866989991 0.00692675853274092 0.159052008785321 0.0100477514721729 0.00207081388404111 0 0 0 0 0.0105446650993083 0.0175319096704708 0.00607559852359736 0.0825460871645971 0.0862756090905768 0 0 0.192911175397374 0 0 0 0 271.003528328033 309.356979794218 0].';
r = [0.510213095474143 0.230870476637864 0.161763752388276 0.510834337777365 0.00139369965011524 0.0160420229852853 0.00151402452520179 0.00342790892020762 0.175318671305374 0.0722961734803069 0.0645731294620077 0.0512696398261891 0.540281432296389 0.242298086199725 0.239932180202701 1.17573843999624 0.0590014944210774 0.231806621215874 0.764628131793692 0.412740068415884 0.0126726332851947 0.366997201466535 2.47649874653182 0.063571683611721 0.476291361425142 0.032901327059941 0.126793908639072 0.728508794565936 5.16210168581587 1.43293432090981 1.27967830100852 0.898324653203621 17.4551029334394 1.20692720542148 5.51103423005748 0.646777949356951 0.336744676870606 0.241553262964954 0.719456870774536 0.111940149663795 0.0500783251121155 0.0575599095869403 0.0744701545523005 0.135261951558052 0.0112656633704429 0.0242398158134963 0.529460140830964 0.120892280517642 0.885865441018833 3.95100957719538 18.3140848330293 148.881456746399 0.142004315041883 2.06969562055404 1.12083018462215 83.0030902135881 206.062187389946 2.31017114544331 66.609191935416 204.409452785161 74.8700755066347 243.642246219344 361.779076149393 300.644864073021 429.99998168 0 0 0].';
F = [
0 0 0 0 0 0 0 0 0 0 0 0 0 0 0.00129633539078807 0 0 0 0 0 0 0 0.00343961753089091 0 0 0 0 0.000604732703794106 0 0.00679544461286487 0.0609829608714398 0 0.432367640709701 0 0 0 0 0 0 0 0 0 0 0 0 0 0 0.0169361578752986 0.0166237857421977 0 0.0335585699543968 0 0.0667757223551798 0 0 0 0 0 0 0 0 0 0 0 0 0 0 0
0 0 0 0 0 0 0 0 0 0 0 0 0.00703373061411263 0 0.00589812991401667 0.0183318836979248 0.00038973999788548 0.00103835624384318 0.0162174877147705 0.00367025557790662 0.00161595122695227 0.00072382107939016 0.0647510378727927 0.00418462887548744 0.0133516441291804 0 0 0.000323290849723755 0.00097173914570866 0.0307239334036054 0.00557367334489475 0.00355633756719769 0.0788882570976062 0 0 1.80929315921401e-05 0 0 0 0 0 0 0 2.72947032006741e-05 0 0 8.44063000822734e-05 0 0.0316242133588818 0 0 0 0 0 0 0 0 0 0 0 0 0 0 0 0 0 0 0
0 0 0 0 0 0 0 0 0 0 0 0 0.00639718502628474 0.0127673265631554 0.000878067392965393 0.0142102744057935 5.98526946684589e-05 0.00237324268074671 0.000689823869675264 0.00653409716053096 0 0 0 0.0144157479904525 0.00562385162347645 0.00213367519692326 0 1.81140141749598e-06 0.00128730325475714 0.000590540647206005 0 0.0025694194729805 0.0623742362847474 0.0120227455844129 0.00966702651691198 0.00208250607029089 0.00225869416187609 0.00717228003811018 0.00469057135328027 0.00488613431106729 0.00215417233689476 0.00227230055374572 0 0.00207347904654192 0 0 0.0208693706090052 0 0 0 0 0 0 0 0 0 0 0 0 0 0 0 0 0 0 0 0 0
0 0 0 0 0 0 0 0 0 0 0 0 0.00195451419742743 0 0.000492874543975835 0 0.00030096731379382 0 0 0 0 0 0 0 0.00146482973270061 0 0 0.00114386692472163 0.00986892959325159 0.0223349999871981 0.00953058938733133 0.00443872938047785 0.143904915624409 0 0 0 0 0 0 0 0 0 0 0 0 0 0 0 0 0 0.0309197916709413 0.0585592013309242 0 0 0 0 0 0 0 0 0 0 0 0 0 0 0 0.136505295076961
0 0 0 0 0 0 0 0 0 0 0 0 0 0 9.50951178050261e-07 4.61023582194668e-05 0 0 0 0 0 8.45499815739125e-06 0.000176464905302295 0 6.12352152214357e-06 0 0 1.22609747314128e-06 0.000153802791660413 5.67208275513153e-05 3.25057533736735e-05 0 3.47062284525229e-05 0 1.52643893486486e-05 0 0 0 0 0 0 0 0 2.2773647919823e-06 0 0 2.34751207484724e-05 9.07507088926588e-06 2.96120469473381e-05 0 4.83570655270898e-05 0 6.50991676514646e-05 6.46078533818607e-05 1.69839726393395e-05 0.000762897265231671 0.000135696411361632 0.000180442385794057 0.000157027760756984 0.000274163262410922 1.96565029799144e-05 1.13859784659562e-06 0 0 0 0 0 0
0 0 0 0 0 0.000675331215895071 0 0 0 0 0 0 0 0 7.89430299569008e-05 0.00383057115732615 7.9426287059386e-06 0.000191899840674569 0 0 0 0.000696343247219398 0.00320639049099936 0 0.00416658227069734 0 0 5.82119253939708e-05 0.00617956248272514 0.00134620186309314 0.002608357098185 0.000627216832144272 0.00124985261056121 0.00145041293913458 0.000209250179056817 0 0 0 0 0.000208989874517609 0 0 0 0.000823797148242863 0 0 0.000335024736258212 0 0.00074840005442192 0 0.000181982845828833 0 0.00122078507106162 0.000432094151043248 0.000330792307300772 0.000287162266702178 0.000253728322697568 0.000630075523767134 0 4.8143865513072e-05 0 0 0 0 0 0 0 0
0 0 0 0 0.000180510940992234 3.08968363800703e-05 0 0.000149396669221268 0.000181560333745574 0 0 0 0 0 0 0 0 0 0 0 0 0 0.000313042886951107 0 2.95465977478531e-05 0 0.000147813893285699 2.82521104272886e-06 0.000320177831176652 0 0.000468357627154858 0 0 0.00017947398750673 0.000179654795333597 0 0 0 0 0 0 0 0 0.000158301833236519 0 0 3.24552593101804e-05 0 0.000632403383807502 0 0 0 0 0 0 2.16309095393913e-05 0 0 0 0 0 0 0 0 0 0 0 0
0 0 0 0 0 0 0 0 0 0 0 0 0 0 5.62963097405755e-07 3.35471466419967e-05 0 0 0 0 0 0.000423310345732199 0.000120616048091691 0 5.74442866198782e-05 0 2.24121529940043e-06 0 3.14170588282152e-05 8.02400892030934e-05 2.64070112667135e-05 0 6.33504345119132e-05 1.07790132825771e-05 3.18301317951241e-05 1.1374180298533e-05 0 1.07756015158053e-05 0 0 0 0 0 8.95204796854675e-05 0 0 1.38972714830957e-05 2.38129913343275e-05 0.000148223975416349 0 6.90509863392614e-06 0 0 0.000621765786246597 0.000102175552226628 0.00163999986296821 0.000979596654470703 0.000202428192178395 0.000222243971349915 0.000405022033075711 4.70878382146835e-05 5.4463234683546e-05 0 0 0 0 0 0
0 0 0 0 0 0 0 0 0 0 0 0 0.000858956178398745 0 0 0 0 0 0 0 0 0 0.00466280287703442 0 0.00643753256710162 0 0 0 0 4.47435971027297e-05 0 0 0.173872482447903 0 0.00120393499770522 0.000500150643776842 0 0 0 0 0 0 0 0 0 0 0.000384991041364009 0 0.000219347996626146 0 0.00363095642995997 0 0 0.0402207843155669 0 0.0273372764391688 0.00132539205166352 0.022144894010098 0.0991339916895196 0.0420528990543736 0 0.0017428095201821 0 0 0 0 0 0
