food_web_filename = 'Northern_Gulf_St_Lawrence_116';
crc = 'crc_aca3eac6';
n = 32;
l = 31;
b0 = [0.12 0.04296086 0.00329226 0.013 0.002 0.0026 2.009 0.82 0.31 0.48 1.06 0.84 0.23 7.16 0.94 0.97 9.52 1.14 0.02 0.04 2.12 1.55 0.68 1.59 81.9 53.44 14.82 5.7 14.68 71.86 12.95 132.61].';
p = [0 0 0 0 0 0 0 0 0 0 0 0 0 0 0 0 0 0 0 0 0 0 0 0 0 0 0 0 0 0 1632.24301422 0].';
q = [4e-04 0.0042 1e-05 7e-04 0 3e-04 0.694 9e-04 0.0395 0 0.0183 0.0081 0 0.29 0.0102 0 0.0272 0 0 0.0015 0.0235 0.211 0.0831 0.0422 0 0.0345 0 0 0 0 0 512.769166965281].';
r = [0.775908 0.3050633 0.0220839959 0.0980721 0.00978564 0.07548768 2.21819544 1.64210832 0.297477543 0.8842527 0.543496132 0.3376431 0.280510753 6.77373457 0.531985044 0.6017255 18.2667866 5.80742645 0.0212523788 0.0418796279 1.04654241 1.02486026 2.62936783 1.46691334 44.79822 155.560349 71.47374 12.2311525 107.888481 408.288147 272.04050237 0].';
F = [
0 0 0 0 0 0 0.001917973 0.018831 0 0 0 0 0 0.00148207 0.02876959 0.018831 0.426313 0.0453339 0 0.002353876 0.183951 0.02615417 0.0006974446 0 0 0 0 0 0.04481082 0.07235988 0 0
0 0 0 0 0 0 0.01728691 0.0473069 0.007692897 0.03258428 0.05835991 0 0 0 0.04774902 0.00344854 0.02940101 0 0 0.0006631808 0 0.0884241 0 0 0 0 0 0 0.1092038 0 0 0
0 0 0 0 0 0 0.005237421 0.006547571 3.179976e-06 0.01555008 0 0 0 0.001558188 0 0 0.0001685387 0 0.0004451967 0 0.002289583 0 0 0 0 0 0 0 0 0 0 0
0 0 0 0 0 0 0.02696275 0.0202114 0 0.0004264009 0 0 0 5.685345e-05 0.02302565 0.04050808 0.0008385884 0.0190459 0 0.001961444 0.008883351 9.949353e-05 1.421336e-05 9.949353e-05 0 0 0 0 0 0 0 0
0 0 0 0 0 0 0.0002808068 0.000702017 0 0 0 0.0003829184 1.843681e-05 6.098329e-05 0.00056445 0.000209896 0.001253703 0 0 0.0006197605 0.006353608 0.002382603 0.001255121 5.672865e-05 0 2.836432e-05 0 1.418216e-05 0 0 0 0
0 0 0 0 0 0 0 0.0002405292 0 0.0004045264 0.0004045264 0.0004045264 0.0004045264 0 0 0.001749303 0.02394359 0.05552944 0 4.373258e-05 0.02350626 0.0008746516 0 0 0 4.373258e-05 0 0.001541573 0 0.0002405292 0 0
0 0 0 0 0 0 0 0.3218769 0 0.01551214 0.1595534 0.1639855 0.00886408 0.9085682 0 0 3.365026 0.002770025 0 0 0 0.115787 0.1240971 0.02105219 0.0326863 0.109139 0.105815 0.01495814 0.0664806 0.00443204 0 0
0 0 0 0 0 0 0 0.005620771 0 0 0 0 0 0 0 0.09489184 0.6910242 0.0373616 0 0 0 0 0.3190614 0.01190281 0.00363697 0.002645069 0.06744925 0.006282038 2.020171 0.04595807 0 0
0 0 0 0 0 0 0 0.006296627 0 0.005057133 0.0001487392 0.001487392 0.0005949569 0.02875625 0 0.122462 0.1690669 9.915948e-05 0 0 0.01358485 0.03807724 0.1006469 0 4.957974e-05 0 0.0001487392 4.957974e-05 0.009221831 4.957974e-05 0 0
0 0 0 0 0 0 0 0.001326386 0 0.00154745 0 0.001657982 0 0.00464235 0 0.02553292 0.7571451 0.004531817 0 0 0.01182694 0 0.1031265 0 0 0.0009947892 0 0 0.1924364 0.0005526607 0 0
0 0 0 0 0 0 0 0.002853354 0 0.004483842 0.02866942 0.01182104 0 0.000271748 0 0.003532724 0.4769178 0.0005434961 0.001222866 0 0.000135874 0.000271748 0.009511181 0.000135874 0.5895573 0.005842583 0.01059817 0.1807124 0.03125102 0.000407622 0 0
0 0 0 0 0 0 0 0 0 0 0 0 0 0 0 0 0.03992657 0.0001688227 0 0 0 0 0 0.001941461 0.00312322 0.08863193 0.2980565 0.4110833 0.0007597022 0.0004220568 0 0
0 0 0 0 0 0 0 0.02898615 0 0.000327263 0.000327263 0.04044035 0.01860724 0.0403001 0 0.04675185 0 0.04675185 0.000327263 0 0.03384834 0.004301171 0.003880404 0.06685515 0.009350371 0.009350371 0.1075293 0 0.009350371 0.0002805111 0 0
0 0 0 0 0 0 0 0.01088806 0 0 0 0 0 0.286719 0 0.01209785 2.552646 0.1705796 0 0 0.03024462 0.1778383 0.4234246 0 0 0.001209785 0 0 6.484446 1.947753 0 0
0 0 0 0 0 0 0 0.06414878 0 9.749055e-05 0.01637841 0.010334 0.0164759 0.04699044 0 0.04055607 0.09203107 0.09203107 0 0 0.1010977 0.0329518 0.05742193 0.009456583 0.05313235 0.0649287 0.07799244 0.004874527 0.1803575 0.01355119 0 0
0 0 0 0 0 0 0 0 0 0 0 0 0 0 0 0.015043 0.015043 0.015043 0.007521501 0 0.0030086 0.004512901 0.015043 0.015043 0.07521501 0.07521501 0.240688 0.9477092 0.03760751 0.03760751 0 0
0 0 0 0 0 0 0 0 0 0 0 0 0 0 0 0 0 0.6789294 0 0 0 0 0 0 0 0 0 0 10.50362 19.26272 0 0
0 0 0 0 0 0 0 0 0 0 0 0 0 0 0 0 0 0 0 0 0 0 0 0 0 0 0 0.003680972 0.7757649 8.418384 0.004601216 0
0 0 0 0 0 0 0 0 0 0 0 0 0 0 0 0 0.00134601 0 3.542131e-05 0 0 0 0 0 0 0 0 0 0.02266964 0.01137024 0 0
0 0 0 0 0 0 0 0.007440366 0 0 0 3.460636e-05 0 5.767726e-05 0 0 0 0.007036626 0 0 0.0254299 0 0.0001730318 2.30709e-05 0.00134388 0 9.805134e-05 0.0134388 0.002601244 0 0 0
0 0 0 0 0 0 0 0 0 0 0 0 0 0 0 0 0 0 0 0 0 0 0.004922393 0 0 0.004922393 0 0 0.2197849 2.231813 0 0
0 0 0 0 0 0 0 0 0 0 0 0 0 0 0 0 0 0 0 0 0 0 0 0 0 0 0 0.2524729 0 2.272256 0 0
0 0 0 0 0 0 0 0 0 0 0 0 0 0 0 0 0 0 0 0 0 0 0 0 0 0 0.09860074 0.09860074 0.2629353 0.5258706 0.5604904 2.836196
0 0 0 0 0 0 0 0 0 0 0 0 0 0 0 0 0 0 0 0 0 0 0.004529653 0.02156977 0.01164768 0.1028878 0.8369072 1.065978 0.007980816 0.1056919 0 0
0 0 0 0 0 0 0 0 0 0 0 0 0 0 0 0 0 0 0 0 0 0 0 0 0 0 0 0 0 0 0 111.9955
0 0 0 0 0 0 0 0 0 0 0 0 0 0 0 0 0 0 0 0 0 0 0 0 0 0 0 0 0 0 25.5017 229.5153
0 0 0 0 0 0 0 0 0 0 0 0 0 0 0 0 0 0 0 0 0 0 0 0 0 0 15.29858 0 0 0 56.05675 42.8132
0 0 0 0 0 0 0 0 0 0 0 0 0 0 0 0 0 0 0 0 0 0 0 0 0 0 0 0 0 0 0 30.57788
0 0 0 0 0 0 0 0 0 0 0 0 0 0 0 0 0 0 0 0 0 0 0 0 0 0 0 0 0 111.3281 152.3437 29.29687
0 0 0 0 0 0 0 0 0 0 0 0 0 0 0 0 0 0 0 0 0 0 0 0 0 0 0 0 0 128.7146 931.4506 323.8625
0 0 0 0 0 0 0 0 0 0 0 0 0 0 0 0 0 0 0 0 0 0 0 0 0 0 0 0 0 0 0 0
0.09549776 0.1328572 0.009705767 0.04336153 0.004396521 0.03354376 2.576169 1.120051 0.1511238 0.1450779 0.5331022 0.2678222 0.1420427 3.714648 0.3326117 0.4769596 3.509187 2.219249 0.004616686 0.008655638 0.9469935 0.7971934 0.5019825 0.499728 66.41758 98.95628 25.55233 15.34533 164.0988 700.745 194.2847 0
];

