food_web_filename = 'North_Aegean_495';
crc = 'crc_bcf3a927';
n = 40;
l = 38;
b0 = [0.475 2.79 0.2874284 2.476 1.109 5.333 0.399 0.27 0.024 8.712 0.292 0.114 0.072 0.081 0.061 0.182 0.306 0.068 0.076 0.201 0.099 0.268 0.187 0.082 0.082 0.358341128 1.7899996 0.179389462 0.8100001 0.182 0.284 0.563 0.2 0.035 0.02 0.001 0.01 4.565 31.44 0.584].';
p = [0 0 0 0 0 6.64605675549 0.164755994003704 0.00266601167337917 0 1.423112971104 0 0 0 0 0 0 0 0.0101719939416 0 0 0.00178258113 0 0 0 0 0 0 0 0 0 0 0.009464240562 0 0 0 0.068576006028367 0 642.5694 0 0.584].';
q = [0 0 0 0 0 0 0.109217957 0.0335099548 0.01177687 0.0675025657 0.1797547 0.0329743847 0.0799405053 0.04794161 0.03513871 0.0229799617 0.107149571 0.0232617632 0.0512661971 0.0977954343 0.07814245 0.005084768 0.1732472 0.0193382557 0.0504862 0.00127178733 0.443839371 0.000159864 0.34246695 0.0621711574 0.08863594 0.06442183 0.107671291 0.00771293929 0.000213100007 0 0.000213056 0 272.556955596675 0].';
r = [98.3618 65.1404343 6.16906071 11.9744511 34.1196136 17.8754387 1.13002694 0.4121947 0.0597526431 6.2221117 0.613783956 1.514604 0.3123446 0.208333135 0.34619832 0.911693156 1.05994821 0.301411748 0.199658066 1.01413989 0.492955476 1.40496147 0.8332493 0.290991277 0.195379376 2.25784731 4.05884361 2.02207112 4.407942 0.93787396 1.05993843 2.88854527 0.3962807 0.05516789 0.0396645144 0.08450888 0.109633081 107.0949 0 0].';
F = [
18.44284 0 0 0 0 0 0 0 0 0 0 0 0 0 0 0 0 0 0 0 0 0 0 0 0 0 0 0 0 0 0 0 0 0 0 0 0 239.757 110.6571 0
61.06941 12.21388 0 0 0 0 0 0 0 0 0 0 0 0 0 0 0 0 0 0 0 0 0 0 0 0 0 0 0 0 0 0 0 0 0 0 0 122.1388 48.85553 0
2.292382 7.641274 0.7641274 0 0 0 0 0 0 0 0 0 0 0 0 0 0 0 0 0 0 0 0 0 0 0 0 0 0 0 0 0 0 0 0 0 0 2.292382 2.292382 0
2.993548 22.45161 1.197419 0.8980645 0 0 0 0 0 0 0 0 0 0 0 0 0 0 0 0 0 0 0 0 0 0 0 0 0 0 0 0 0 0 0 0 0 2.394839 0 0
0 6.033136 0 0 1.508284 1.206627 0 0 0 1.809941 0 0 0 0 0 0 0 0 0 0 0 0 0 0 0 0 0 0 0 0 0 0 0 0 0 0 0 1.206627 48.26509 0.3016568
0 0 0 0 0 3.323028 0 0 0 3.323028 0 0 0 0 0 0 0 0 0 0 0 0 0 0 0 0 0 0 0 0 0 0 0 0 0 0 0 0 53.16845 0
0 0.1228181 0.1857249 0 0.6919752 0.5841348 0.08088022 0.008986691 0 0.8297711 0.04792902 0 0 0 0.005991127 0 0 0.005991127 0 0 0 0.008986691 0 0 0 0 0 0 0 0 0 0 0 0 0 0 0 0 0.2456362 0.01497782
0 0 0.006665029 0 0.07598133 0.5518644 0.02132809 0.02666012 0.007998034 0.4185638 0 0 0 0 0 0 0 0.003999017 0 0.003999017 0.003999017 0 0 0 0 0 0 0 0 0 0 0 0 0 0 0 0 0 0.1959519 0.01333006
0 0 0.02752962 0 0.003198463 0.002513078 0.01267962 0.008338849 0 0.01542116 0.0006853848 0 0 0 0 0 0 0 0 0 0 0 0 0 0 0 0 0 0 0 0 0 0 0 0 0 0 0 0.04386463 0
0 0 0 0 0 0.5692452 0 0 0 0.8538678 0 0 0 0 0 0 0 0 0 0 0 0 0 0 0 0 0 0 0 0 0 0 0 0 0 0 0 0 25.61603 0
0 0 0.057816 0 0.041756 0.094754 0.091542 0.250536 0.006424 0.847968 0.077088 0 0 0 0 0.012848 0 0.011242 0 0.05621 0.036938 0 0.020878 0 0 0 0 0 0 0 0 0 0 0 0 0 0 0 0 0
0 0.1659669 0.2595119 0 0.04828129 0.1810548 0.05129887 0.009052741 0 0.06638677 0.1569142 0.0905274 0.0150879 0 0 0.03319338 0.009052741 0 0 0 0 0.0452637 0.01207032 0.006035161 0 0.2957229 0.7966412 0.1327735 0.3168459 0.0603516 0.1025977 0.1629493 0 0 0 0 0 0 0 0
0 0.008276834 0.06124857 0 0.07173256 0.1048399 0.03972881 0.0148983 0 0.03200376 0 0 0 0 0 0 0 0 0 0 0 0 0 0 0 0 0 0 0 0 0 0 0 0 0 0 0 0 0.219612 0
0 0 0 0 0.01478175 0.01372591 0.006686981 0.003167517 0.003167517 0.03660242 0.03801021 0 0.006335034 0.004575303 0.009854499 0.04012189 0.03061933 0 0.019709 0.03378685 0.002111678 0.03589853 0.006335034 0.001407786 0.001407786 0.003519464 0.009150606 0.001055839 0.002815571 0.01865316 0.008446713 0 0 0 0 0 0 0 0 0
0 0.006641861 0.05811629 0 0.1228744 0.08413024 0.05424187 0.03431628 0 0.07859536 0.002767442 0 0 0 0.006641861 0.007748839 0 0.01273023 0.002213954 0.02269303 0.01273023 0 0 0 0 0.005534884 0.0193721 0.005534884 0.01771163 0 0 0 0 0 0 0 0 0 0 0
0 0.1070197 0.4155701 0.008339199 0.2112597 0.04864533 0.2418368 0.03891626 0 0.009729065 0.02362773 0 0.001389866 0 0 0.002779733 0 0.009729065 0 0.009729065 0.01389866 0.09173119 0.001389866 0 0 0.05837439 0.06532372 0.01111893 0.001389866 0 0 0 0 0 0 0 0 0 0.001389866 0.0166784
0 0 0.1508778 0 0.09469988 0.03852199 0.1043304 0 0.001605083 0.03852199 0.1203812 0.07383381 0.004815248 0 0.01926099 0.01284066 0.06099314 0.01123558 0.01765591 0.03531182 0.01444575 0.04494232 0.0465474 0 0 0.1203812 0.3033606 0.03210165 0.1203812 0.02728641 0.04173215 0.07383381 0 0 0 0 0 0 0 0
0 0.04831697 0.02848158 0 0.273118 0.03967078 0.04526537 0.02390419 0 0.009154795 0.001525799 0 0 0 0.003560198 0 0 0.006103196 0 0.01017199 0.009154795 0 0 0 0 0 0 0 0 0 0 0 0 0 0 0 0 0 0 0
0 0.002351367 0.009405468 0 0.003918945 0.005094629 0.01802715 0.02272988 0 0.003918945 0.04781113 0.005486523 0.005094629 0 0.005878418 0.01645957 0.001567578 0.002743262 0.009405468 0.02664883 0.01841904 0.04232461 0.01528389 0 0 0.01371631 0.06623017 0.01175683 0.02900019 0.008229785 0 0 0 0 0 0 0 0 0 0
0 0 0.01529789 0 0.3008586 0.6782067 0.1801752 0.04079439 0 0.3484521 0.02039719 0 0 0 0.001699766 0 0 0.0101986 0.001699766 0.02719626 0.01359813 0.01359813 0.01869743 0 0 0.01189836 0 0.01529789 0 0 0 0 0 0 0 0 0 0 0 0
0 0.01336936 0.004456453 0 0.04367324 0.3529511 0.01426065 0.0374342 0 0.423363 0 0 0 0 0 0 0 0 0 0 0 0 0 0 0 0 0 0 0 0 0 0 0 0 0 0 0 0 0 0
0 1.138432 1.138432 0 0.09445505 0.002485659 0.04225621 0.03479923 0 0.02982791 0.004971319 0 0 0 0 0 0 0 0 0 0 0 0 0 0 0 0 0 0 0 0 0 0 0 0 0 0 0 0 0
0 1.242658 0.1465331 0 0.02442219 0.01723919 0.005746396 0 0 0 0 0 0 0 0 0 0 0 0 0 0 0 0 0 0 0 0 0 0 0 0 0 0 0 0 0 0 0 0 0
0 0 0.04878954 0.005091082 0 0.07339644 0.06788109 0.001697028 0 0.12558 0.02290987 0.007636623 0.002121284 0.0004242569 0.004666825 0.01230345 0 0 0 0 0 0.0008485138 0 0.00127277 0.00127277 0.02503115 0.009757908 0.002121284 0.00678811 0 0 0 0 0 0 0 0 0 0 0.003394055
0 0 0.01604381 0 0.002005476 0.02540269 0.02573694 0.02707392 0 0.01704654 0.001002738 0.001002738 0.009358887 0 0.002673968 0.02172599 0.001336984 0.006684919 0.002673968 0.01036162 0.009024642 0.002339722 0.007019165 0 0 0.02807666 0.08991217 0.002339722 0.003676706 0.00334246 0.005347936 0.01002738 0 0 0 0 0 0 0 0.002673968
0 4.374985 0 0 0 0 0 0 0 0 0 0 0 0 0 0 0 0 0 0 0 0 0 0 0 0 0 0 0 0 0 0 0 0 0 0 0 0 0 0
0 9.310235 0 0 0 0 0 0 0 0 0 0 0 0 0 0 0 0 0 0 0 0 0 0 0 0 0 0 0 0 0 0 0 0 0 0 0 0 0 0
0 3.302816 0 0 0 0 0 0 0 0 0 0 0 0 0 0 0 0 0 0 0 0 0 0 0 0 0 0 0 0 0 0 0 0 0 0 0 0 0 0
0 7.480742 0.03844163 0 0.1691432 0 0 0 0 0 0 0 0 0 0 0 0 0 0 0 0 0 0 0 0 0 0 0 0 0 0 0 0 0 0 0 0 0 0 0
0 0.9403378 0.2917313 0.03540429 0.1019643 0 0.004248514 0.001416171 0 0 0.001416171 0.001416171 0 0 0.001416171 0.002832343 0 0 0 0.001416171 0 0.01557788 0 0 0 0.0099132 0 0.005664686 0 0 0 0.002832343 0 0 0 0 0 0 0 0
0 0.7804967 0.4228387 0.1504169 0.07186586 0 0.02005559 0 0 0.01002779 0 0.01337039 0 0 0 0.001671299 0 0 0 0 0.001671299 0.01169909 0 0 0 0.1086344 0 0.04345378 0 0.005013897 0 0.02841209 0 0 0 0 0 0 0 0
0 3.246235 0.4069623 0 0.9606204 0 0 0 0 0.02839272 0 0 0 0 0 0 0 0 0 0 0 0 0 0 0 0 0 0 0 0 0 0 0 0 0 0 0 0.06624968 0.01419636 0
0 0 0.001941611 0.007119239 0.01100246 0 0.002588815 0 0 0 0.001941611 0.03171298 0.003236018 0 0 0.0006472036 0 0 0 0 0 0 0.004530426 0 0 0.06083714 0.3598452 0.008413647 0.08284206 0.0006472036 0.01488568 0.05565951 0 0 0 0 0 0 0 0
0 0 0.0001672322 0 0 0 0.002424867 0 0 0 0 0.01538537 0 0 0 0 0.0003344645 0 0.001923171 0 0 0.0003344645 0 0 0 0.009114157 0.03428261 0.0009197773 0.00560228 0.003344645 0.00301018 0.006772906 0 0 0 0 0 0 0 0
0 0 0 0.002415629 0 0 0 0.009018348 0 0.02710873 0 0 0 0 0 0 0 0 0 0 0 0 0 0 0 0 0 0 0 0 0 0 0 0 0 0 0 0 0 0.01513794
0 0 0 0 0 0 0 0 0 0 0 0.0003350619 0 0 0 0 0 0 0 0 0 0 0 0 0 0 0.01027523 0.0008934985 0.004802554 0.0001116873 0 0.003685681 0 0 0 3.797368e-05 0 0 0 0.0228959
