food_web_filename = 'Northern_Gulf_of_St_Lawrence_462';
crc = 'crc_b744194d';
n = 32;
l = 31;
b0 = [0.23311 0.12741 0.00524 0.03453 0.00417 0.00402 0.26782 0.06039 0.23119 0.20426 0.96362 0.06362 0.1606 1.43222 0.22156 0.24092 16.67369 0.12178 0.02057 0.03921 0.55849 1.14863 0.61526 0.86214 112.3 42.1 10.5 7.8 9.6425 50 23.41124 132.608017].';
p = [0 0 0 0 0 0 0 0 0 0 0 0 0 0 0 0 0 0 0 0 0 0 0 0 0 0 0 0 0 0 1572.52191072833 0].';
q = [0.00037 0.0064 2.25e-05 1.46e-05 0 1e-04 0.003 0 0.0097 0 0.0018 0.0017 0.00112 0.0194 0.0019 0 0.0309 6.01e-06 0 4.71e-05 0.0281 0.1458 0.157 0.0658 0 0.0045 0 0 0 0 0 667.8820827297].';
r = [0.9668792 0.630874 0.0366111957 0.11896345 0.0155543443 0.200383276 0.2246699 0.149892434 0.151465356 0.243183255 0.5849039 0.04796463 0.1130486 0.8759285 0.146612152 0.161982208 6.66036034 0.2846829 0.0548893474 0.0245141983 0.539162159 1.361124 1.50151372 0.907815635 49.053112 99.12096 38.0058136 16.19993 49.9283562 373.764 262.086985121389 0].';
F = [
0 0 0 0 0 0 0.002499065 0 0 0 0 0 0 0.002082555 0.01582741 0.007358359 0.7866503 0.07372243 0 0.003054413 0.1128745 0.1237037 0.0009718588 0 0 0 0 0 0.1443904 0.1152347 0 0
0 0 0 0 0 0 0.01290512 0.008839122 0.01794342 0.04569826 0.05550969 0.003005302 0 0.06169707 0 0.006894515 0.5105477 0 0.001060695 0.001325868 0.005745429 0.01157925 0.01069534 0.004242779 0 0 0 0.02731289 0.09890978 0 0 0
0 0 0 0 0 0 0.007973673 0.005236991 0.001192374 0.01041095 0 0.005336793 0 0.007574464 0.0003939562 0.002510814 0.0002783957 0 0.005778024 0 0.001906748 0.003934309 0 0 0 0 0 0 0 0 0 0
0 0 0 0 0 0 0.02531059 0.01653534 0 0.0004989851 0.01884099 0.001582987 0.01691388 6.882554e-05 0.01856569 0.009618369 0.02412335 0.01070237 0 0.0009635574 0.01359304 0.01462543 1.720638e-05 0.0001204447 0 0 0 0 0 0 0 0
0 0 0 0 0 0 0.0009752895 0.0008850257 0 0 0 0.0003874739 2.862023e-05 9.466693e-05 0.0006142343 0.000526172 0.001516872 0 0 0.001935168 0.008198596 0.005497287 0.00120205 8.806226e-05 0 4.403113e-05 0 2.201557e-05 0 0 0 0
0 0 0 0 0 0 0 0.0006135842 0 0.001031937 0.001031937 0.001031937 0.001031937 0 0 0.004825003 0.1948967 0.01712458 0.009008532 0.0001115608 0.004490321 0.004573992 0.003653615 0 0 0.0001115608 0 0.003876737 0.03087444 0.0006135842 0 0
0 0 0 0 0 0 0 0.01391835 0 0.001292155 0.01033724 0.00199361 0.0001107561 0.00627618 0 0.009045083 0.1445737 0.01199858 0.001365992 0 0.003322684 0.01373376 0.03311608 0.05726092 0.003913383 0.001402911 0.0005537806 0.0004430245 0.05390131 0.0006645367 0 0
0 0 0 0 0 0 0 0.0002638084 0 0 0 2.638084e-05 0 0.0003693317 0 0.002901892 0.08452421 0.01007748 0 0 0.0002638084 0.0001846659 0.08352173 0.005144264 0.0001319042 0.0001055234 0.000976091 0.0001055234 0.07439397 0.0007914252 0 0
0 0 0 0 0 0 0 0.0002364159 0 0.002340518 7.092479e-05 0.0007092479 0.0002836992 0.02333425 0 0.0305213 0.07953033 4.728319e-05 0 0 0.002482367 0.03298003 0.06016786 0 2.364159e-05 0 7.092479e-05 2.364159e-05 0.003546239 2.364159e-05 0 0
0 0 0 0 0 0 0 0.0005012113 0 0.0005847464 0 0 0 0.001754239 0 0.009648316 0.2760839 0.001712472 0 0 0.004469134 0 0.06440565 0 0 0.0003759084 0 0 0.05726338 0.000208838 0 0
0 0 0 0 0 0 0 0.001174574 0 0.001957622 0.009788112 0.0003915245 0 9.788111e-05 0 0 0.1113887 0.0003915245 0.0004894056 0 0 9.788111e-05 0.006655916 0.004502532 0.02554697 0.2087804 0.1717814 0.3528615 0.0767388 0.006068629 0 0
0 0 0 0 0 0 0 0 0 0 0 0 0 0 0 0.0009472044 0.001927644 0.0003738964 0 0 0 0.0002658819 0.0009555132 0.0004902198 0.01949247 0.01568703 0.02633062 0.01350182 0.002160291 3.323524e-05 0 0.0009139691
0 0 0 0 0 0 0 0.0009561031 0 9.561031e-05 9.561031e-05 0.000611906 0.009044736 0.04499421 0 0.004933492 0.01898821 0.0004015633 9.561031e-05 0 0 0.001281178 0.01338544 0.06218495 0.003728802 0.003728802 0.02040324 0.002466746 0.003728802 9.561031e-05 0 0
0 0 0 0 0 0 0 0.001311716 0 0 0 0 0 0.03293864 0 0.001603208 0.305484 0.002186193 0 0 0.003643654 0.002914923 0.0893424 0 0 0.0001457462 0 0 0.7830942 0.2346513 0 0
0 0 0 0 0 0 0 0.001193706 0 0.0004058602 0.002650028 0 0.004655455 0.006183399 0 0.0002626154 0.01709388 0 0.0005252308 0 0 0 0.01212806 0.01838308 0.02883995 0.008785679 0.08303422 0.02091374 0.03113186 0.002554532 0 0
0 0 0 0 0 0 0 0.001691194 0 0 0.08144791 0.0002367672 0 0 0 0.003382388 0.003855923 0 0.0005411821 0 0.0002029433 0 0.005885356 0.002807382 0.02262818 0.02607821 0.06582128 0.08560825 0.02479291 0.01319131 0 0
0 0 0 0 0 0 0 0 0 0 0 0 0 0 0 0 0.288925 0 0 0 0 0 0 0 0 0 0 0 7.317062 6.626773 0 0
0 0 0 0 0 0 0 0 0 0 0 0 0 0 0 0 0 0 0 0 0 0 0 0 0 0 0 0.0002037832 0.1249191 0.3840804 0.000254729 0
0 0 0 0 0 0 0 0 0 0 0 0 0 0 0 0 0.001459543 0 9.665851e-05 0 0 0 0 0 0 0 0 0 0.0359473 0.05915501 0 0
0 0 0 0 0 0 0 0.0002032917 0 0 0 0.0003821884 0.0007481135 0.0003943859 0 0.0006220726 0.003012783 0.0003333984 0.0007399818 0 0.0004757026 0.001947535 0.008802531 0.0004675709 0.0007684426 0 0.001443371 0.005350638 0.01436459 0.0005976776 0 0
0 0 0 0 0 0 0 0 0 0 0 0 0 0 0 0 0.1513424 0.0001866121 0 0 0 0 0.001586203 0 0 0.001586203 0 0 0.3607212 0.4176379 0 0
0 0 0 0 0 0 0 0 0 0 0 0 0 0 0 0 0.00750301 0.002728367 0 0 0 0 0 0 0 0 0 0.2187241 1.378735 0.665949 0 0
0 0 0 0 0 0 0 0 0 0 0 0 0 0 0 0 0 0 0 0 0 0 0 0 0 0 0.05926704 0.05926704 0.4741363 0.7449208 0.3369002 0.9598626
0 0 0 0 0 0 0 0 0 0 0 0 0 0 0 0 0 0 0 0 0 0 0.003073239 0.0002926894 0.1142952 0.3597153 0.2256635 0.3142021 0.188931 0.04858644 0 0.2085412
0 0 0 0 0 0 0 0 0 0 0 0 0 0 0 0 0 0 0 0 0 0 0 0 0 0 0 0 0 0 0 112
0 0 0 0 0 0 0 0 0 0 0 0 0 0 0 0 0 0 0 0 0 0 0 0 0 0 0 0 0 0 22.6927 220.7912
0 0 0 0 0 0 0 0 0 0 0 0 0 0 0 0 0 0 0 0 0 0 0 0 0 0 8.601103 0 0 0 29.98556 25.36206
0 0 0 0 0 0 0 0 0 0 0 0 0 0 0 0 0 0 0 0 0 0 0 0 0 0 0 0 0 0 0 31.39503
0 0 0 0 0 0 0 0 0 0 0 0 0 0 0 0 0 0 0 0 0 0 0 0 0 0 0 0 8.163818 53.59785 64.17434 14.32175
0 0 0 0 0 0 0 0 0 0 0 0 0 0 0 0 0 0 0 0 0 0 0 0 0 0 0 0 0 126.806 756.4297 340.7606
0 0 0 0 0 0 0 0 0 0 0 0 0 0 0 0 0 0 0 0 0 0 0 0 0 0 0 0 0 0 0 0
0.4211205 0.2466382 0.01589379 0.05310299 0.006461222 0.07841866 0.09189036 0.06032916 0.05609115 0.1095079 0.212237 0.01771904 0.04423485 0.3741274 0.05482783 0.08058817 4.527794 0.09278235 0.02206785 0.008702409 0.2041294 0.5493956 0.5762743 0.3337001 62.72752 143.7319 16.68646 14.09022 70.88584 660.5065 436.8155 0
];

