food_web_filename = 'North_Benguela_501';
crc = 'crc_1fbc26e3';
n = 26;
l = 25;
b0 = [3.83223414 20.4056816 32.5478172 20.1078968 41.3315277 14.7946758 35.3687134 1.53328359 18.9735012 17.2394333 4.02049541 15.77146 11.2183123 5.304705 0.0277466625 4.47258234 13.1074858 7.372961 6.209933 3.503779 0.36 0.0176821817 0.009218 0.019 207.2 317.280259250932].';
p = [0 0 0 0 0 0 0 0 0 0 0 0 0 0 0 0 0 0 0 0 0 0 0 0 8876.448 0].';
q = [0 0 0 0 0 0 0 0 0 0 0 0 0 0 0 0 0 0 0 0 0 0.000612 0.001095 0 228 8.98991732149776].';
r = [4063.70117 952.260559 402.473328 14.7511539 760.5001 100.6038 274.107544 15.1795073 113.841 116.624763 28.1434669 80.73169 59.4570541 15.5592308 0.09711332 29.81712 65.9472961 34.52005 18.6297989 10.5113363 0.7799905 1.57134485 0.131909579 0.108498685 1479.408 0].';
F = [
443.3128 0 0 0 0 0 0 0 0 0 0 0 0 0 0 0 0 0 0 0 0 0 0 0 3472.617 3472.617
1360.375 0 0 0 0 0 0 0 0 0 0 0 0 0 0 0 0 0 0 0 0 0 0 0 1360.375 0
0 412.7975 0 0 0 0 0 0 0 0 0 0 0 0 0 0 0 0 0 0 0 0 0 0 619.1962 0
0 18.28894 3.539794 0.5899657 0 0 0 0 0 0 0 0 0 0 0 0 0 0 0 0 0 0 0 0 1.179931 5.899657
0 0 0 0 0 0 0 0 0 0 0 0 0 0 0 0 0 0 0 0 0 0 0 0 0 1363.94
0 0 0 0 127.2342 7.397338 0 0 0 0 0 0 0 0 0 0 0 0 0 0 0 0 0 0 0 13.31521
39.61296 89.12916 89.12916 0 0 0 0 0 0 0 0 0 0 0 0 0 0 0 0 0 0 0 0 0 277.2907 0
1.103964 8.555722 8.831713 0 0 0 0 0 0 0 0 0 0 0 0 0 0 0 0 0 0 0 0 0 9.107705 0
0 18.21456 31.87548 0 147.9933 3.41523 0 0 1.13841 1.13841 0 2.27682 0 0 0 0 0 0 0 0 0 0 0 0 0 21.62979
0 84.81801 127.227 0 0 0 0 0 0 0 0 0 0 0 0 0 0 0 0 0 0 0 0 0 0 0
0 1.206149 32.56601 0 0 0 8.503348 0.6633817 0.6030743 5.427669 0.6030743 4.100905 6.030743 0 0 0 0.6030743 0 0 0 0 0 0 0 0 0
0.8847165 114.1284 25.06697 3.833771 0 0 0 0 0 0 0 0 0 0 0 0 0 0 0 0 0 0 0 0 1.032169 2.506697
0 56.09156 22.43662 0 33.65494 0 0 0 0 0 0 0 0 0 0 0 0 0 0 0 0 0 0 0 0 0
0 4.243499 18.38849 0 2.828999 0 0 0 2.263199 0.5657998 0 0 0 0 0 0 0 0 0 0 0 0 0 0 0 0
0 0 0.02774666 0 0 0 0.002358466 0.0004161999 0.006936666 0.01845153 0.04092633 0.01109867 0.003884533 0 0 0.003190866 0.003468333 0.006381732 0 0.01387333 0 0 0 0 0 0
0 4.770743 29.81714 0 0 0 0 0 18.00955 1.967931 4.1744 0.8945142 0 0 0 0 0 0 0 0 0 0 0 0 0 0
0 0 9.74303 0 0 0 35.69026 1.74349 7.179075 3.076746 3.486979 5.640702 7.384191 3.384421 0 8.204657 6.973958 5.948376 2.769072 1.333257 0 0 0 0 0 0
0 0 12.34105 0 9.65821 2.682836 0 0 3.755971 8.048509 3.487687 0.5365672 0 0 0 0.6975374 5.472986 0 3.219403 1.609702 0 0 0 0 0 2.146269
0 0 2.79447 0 8.693906 4.036456 0 0 0 0.1552483 6.209933 0.7762416 0 0.465745 0 0 2.639222 1.707732 0.1552483 0.3104967 0 0 0 0 0 3.104967
0 3.153401 8.759448 0 0 0 1.594219 0.01751889 0.07007558 0.6306802 1.821965 0.5956424 0 0.3503779 0 0 0 0.3503779 0 0.175189 0 0 0 0 0 0
0 0 0 0 0.2579974 0.203998 0.01559984 0.01199988 0.0299997 0.0299997 0.1199988 0.08399916 0.003599964 0.02399976 0.004799952 0 0.002399976 0.002399976 0.0599994 0.02399976 0.1199988 0 0.000599994 0 0 0.203998
0 0.006381499 0.09146818 0 0 0 0.08295949 0.3169478 0.9891324 0.1063583 0.09572251 0.1765548 0.01063583 0 0.006381499 0.004254333 0.1106127 0.09784966 0 0.0319075 0 0 0.0004254333 0 0 0
0 0 0 0 0 0 0.002523428 0.002691656 0.06342213 0.01749576 0.005887998 0.003869256 0.008411423 0.008916109 0 0.0265801 0.0265801 0 0 0.001850513 0 0 0 0 0 0
0 0.007047385 0.06286267 0 0 0 0.001691372 0.0007047385 0.009302548 0 0.03580072 0.0005637908 0.007047385 0.006060751 0.002678006 0 0.003382745 0.003382745 0 0 0 0.0004228431 7.047385e-06 0 0 0
0 0 0 0 0 0 0 0 0 0 0 0 0 0 0 0 0 0 0 0 0 0 0 0 0 0
1479.557 953.079 206.8218 10.32339 273.1187 29.60711 175.1615 9.662447 79.72286 74.23696 12.08159 51.62357 39.27756 8.491241 0.02776054 20.88094 20.77523 11.02017 6.216143 3.507283 0.2999988 0.5547869 0.03419145 0.03244902 1428.241 0
];

