food_web_filename = 'North_Benguela_503';
crc = 'crc_89855065';
n = 26;
l = 25;
b0 = [3.645329 17.37957 19.7212639 245.66 46.42947 22.4190025 0.43829304 0.15 19.9991951 10.5472918 1.86437786 7.48038149 4.409957 5.362 0.188 2.069152 3.328 1.894 2.547205 1.30019784 0.36 0.004 0.253 0.019 203.664 436.201122413025].';
p = [0 0 0 0 0 0 0 0 0 0 0 0 0 0 0 0 0 0 0 0 0 0 0 0 8724.96576 0].';
q = [0 0 0 0 0 0.01 0.189 0.01 0.046 0 0.001 0.03 0.345 1.327 0.017 0 0.267 0.455 0.083 0.041 0 0 0.005 0 228 589.459523940726].';
r = [3865.50684 811.0427 243.865265 180.216187 854.302246 152.449219 3.39677119 1.485 119.995171 71.35243 13.0506458 38.29093 23.3727722 15.7272816 0.657999933 13.794302 16.7440681 8.867668 7.641615 3.90059328 0.7799905 0.355464041 3.62043 0.108498685 1454.16096 0].';
F = [
421.6917 0 0 0 0 0 0 0 0 0 0 0 0 0 0 0 0 0 0 0 0 0 0 0 3303.251 3303.251
1158.635 0 0 0 0 0 0 0 0 0 0 0 0 0 0 0 0 0 0 0 0 0 0 0 1158.635 0
0 250.1208 0 0 0 0 0 0 0 0 0 0 0 0 0 0 0 0 0 0 0 0 0 0 375.1813 0
0 223.4376 43.24599 14.41533 0 0 0 0 0 0 0 0 0 0 0 0 0 0 0 0 0 0 0 0 7.207664 72.07664
0 0 0 0 0 0 0 0 0 0 0 0 0 0 0 0 0 0 0 0 0 0 0 0 0 1532.173
0 0 0 0 192.8034 17.9352 0 0 0 0 0 0 0 0 0 0 0 0 0 0 0 0 0 0 0 13.4514
0.4908882 1.104498 1.104498 0 0 0 0 0 0 0 0 0 0 0 0 0 0 0 0 0 0 0 0 0 3.436217 0
0.108 0.837 0.864 0 0 0 0 0 0 0 0 0 0 0 0 0 0 0 0 0 0 0 0 0 0.891 0
0 14.39942 33.59865 0 155.9937 5.999759 0 0 4.799807 1.199952 0 2.399903 0 0 0 0 0 0 0 0 0 0 0 0 0 21.59913
0 51.89268 77.83901 0 0 0 0 0 0 0 0 0 0 0 0 0 0 0 0 0 0 0 0 0 0 0
0 0.5593134 15.10146 0 0 0 0.1398283 0.02796567 3.439777 3.439777 0.2796567 1.901665 2.796567 0 0 0 0.2796567 0 0 0 0 0 0 0 0 0
0.4180812 54.13997 11.88153 1.784783 0 0 0 0 0 0 0 0 0 0 0 0 0 0 0 0 0 0 0 0 0.5224266 1.189622
0 22.04978 8.819914 0 13.22987 0 0 0 0 0 0 0 0 0 0 0 0 0 0 0 0 0 0 0 0 0
0 4.289332 18.5871 0 2.859555 0 0 0 2.287644 0.5719109 0 0 0 0 0 0 0 0 0 0 0 0 0 0 0 0
0 0 0.188 0 0 0 0.01598 0.00282 0.047 0.12502 0.2773 0.0752 0.02632 0 0 0.02162 0.0235 0.04324 0 0.094 0 0 0 0 0 0
0 1.655317 9.931905 0 0 0 0 0 12.74594 0.9104246 1.931204 0.4138294 0 0 0 0 0 0 0 0 0 0 0 0 0 0
0 0 2.471291 0 0 0 0.1040544 0.05202718 9.374257 1.97901 1.275941 1.432178 1.874851 0.8593069 0 3.202871 1.770693 0.4422311 0.8584484 0.3381766 0 0 0 0 0 0
0 0 2.756717 0 2.481045 0.6891793 0 0 0.9648509 3.583732 0.895933 0.1378358 0 0 0 0.1791866 0.3721568 0 1.033769 0.5513434 0 0 0 0 0 0.1378358
0 0 1.018882 0 3.438727 2.037764 0 0 0 0.3820807 3.311367 0.3184006 0 0.1910404 0 0 0.3184006 0.3184006 0.509441 0.1273603 0 0 0 0 0 0.7641615
0 1.170178 3.250495 0 0 0 0.03900594 0.006500989 0.2535386 0.2340356 1.001152 0.2210336 0 0.1300198 0 0 0 0.1300198 0 0.06500989 0 0 0 0 0 0
0 0 0 0 0.2579974 0.203998 0.01439986 0.01199988 0.0299997 0.0299997 0.1199988 0.08399916 0.003599964 0.02399976 0.004799952 0 0.002399976 0.002399976 0.0599994 0.02399976 0.1199988 0 0.002399976 0 0 0.203998
0 0.0014436 0.0206916 0 0 0 0.0182856 0.0716988 0.223758 0.02406 0.021654 0.0399396 0.002406 0 0.0014436 0.0009624 0.0250224 0.0221352 0 0.007218 0 0 0.0004812 0 0 0
0 0 0 0 0 0 0.06925875 0.073876 1.740703 0.480194 0.1616038 0.1061968 0.2308625 0.2447142 0 0.7295255 0.7295255 0 0 0.05078975 0 0 0 0 0 0
0 0.007071346 0.05863001 0 0 0 0.001291081 0.0007597081 0.009272949 0 0.03575843 0.0005313728 0.007050204 0.006076255 0.002658274 0 0.003417982 0.003417982 0 0 0 0.0003791493 0.004632951 0 0 0
0 0 0 0 0 0 0 0 0 0 0 0 0 0 0 0 0 0 0 0 0 0 0 0 0 0
1581.344 880.5629 150.6981 163.9669 306.8059 44.86491 2.148228 0.9573518 84.03262 45.41906 5.602455 24.48499 15.44014 10.08611 0.2560982 9.660157 5.503763 3.499072 2.549752 1.301498 0.2999988 0.1253569 0.9843059 0.03244902 2193.68 0
];

