food_web_filename = 'Northern_South_China_Sea_410';
crc = 'crc_3ffbc389';
n = 38;
l = 37;
b0 = [33.8 0.14601703 3.43563676 3.065 2.649 13.747 3.114 0.425453484 0.7511488 0.468801171 1.04 0.318 0.3 0.03402175 0.0425999947 0.06494321 0.01400712 0.04 0.289 0.0424932651 0.09499997 1.540864 0.111598544 0.194999978 0.5155451 0.114 1.03525174 0.11786595 0.158000022 0.04 0.0284120142 0.002198 0.0046 0.0158 2e-04 323 153 367.707461322066].';
p = [0 0 0 0 0 0 0 0 0 0 0 0 0 0 0 0 0 0 0 0 0 0 0 0 0 0 0 0 0 0 0 0 0 0 0 154652.4 2183.004 0].';
q = [0.01 0.0012 0 0.0039 0.0019 0.0056 0.0011 0.035 0.01 0.0244 0.044 0.035 0.084 0.0038 0.0152 0.0053 0.0053 0.0029 0.016 0.011 0.044 0.0902039856 0.0288 0.115 0.0303 0.01 0.145609573 0.0096 0.038 0.0158314966 0.005042092 0 0.00014 0.00012 1e-05 0 0.005574389 127035.389677785].';
r = [3461.11963 1.60618734 38.65091 5.10015965 42.0396271 35.7422 19.3068 7.55265045 4.95758247 1.54704392 5.96959972 2.48994 0.6076801 0.286729723 0.147634551 0.247043982 0.0819024444 0.161199987 1.92497122 0.431762785 0.337782 11.8979359 1.09015715 0.687492132 4.63990641 1.99728012 7.14613533 1.01695979 0.6512127 0.151199982 0.0332420543 0.119015552 0.0541392379 0.131241113 0.00054 25775.4 363.834 0].';
F = [
0 0 0 0 0 0 0 0 0 0 0 0 0 0 0 0 0 0 0 0 0 0 0 0 0 0 0 0 0 0 0 0 0 0 0 4542.72 0 1946.88
2.628307 0.2920341 0 0 0 0 0 0 0 0 0 0 0 0 0 0 0 0 0 0 0 0 0 0 0 0 0 0 0 0 0 0 0 0 0 0 0 0
0 0 0 0 0 0 0 0 0 0 0 0 0 0 0 0 0 0 0 0 0 0 0 0 0 0 0 0 0 0 0 0 0 0 0 0 0 77.30183
0.0329181 0 0.2413994 0.6473892 0.0329181 0.6144711 1.09727 0 0 0 0 0 0 0 0 0 0 0 0 0 0 0 0 0 0 0 0 0 0 0 0 0 0 0 0 0.0329181 6.078875 2.19454
3.562905 0 3.847938 0 0 5.700648 0.07125811 0 0 0 0 0 0 0 0 0 0 0 0 0 0 0 0 0 0 0 0 0 0 0 0 0 0 0 0 4.988068 10.75997 42.32731
4.81145 0 9.6229 0 0 0.96229 0.96229 0 0 0 0 0 0 0 0 0 0 0 0 0 0 0 0 0 0 0 0 0 0 0 0 0 0 0 0 6.73603 14.53058 58.60346
16.8156 0 0 0 0 0 0 0 0 0 0 0 0 0 0 0 0 0 0 0 0 0 0 0 0 0 0 0 0 0 0 0 0 0 0 0 0 11.2104
2.375149 0 1.489083 0 0 0 0 0 0 0 0 0 0 0 0 0 0 0 0 0 0 0 0 0 0 0 0 0 0 0 0 0 0 0 0 0.3384279 1.538309 6.571655
0 0 2.163309 0.09013786 0.1802757 1.26193 0.09013786 0.4506892 0 0 0 0 0 0 0 0 0 0 0 0 0 0 0 0 0 0 0 0 0 0 0 0 0 0 0 0 1.802757 2.974549
1.748617 0 0 0.2326487 0.4690497 0.2551631 0 0.01876199 0.1876199 0.1613531 0.0003752398 0 0.0003752398 0.0003752398 0 0.03752398 3.752398e-05 3.752398e-05 0 0 0 0.0001876199 0 0 0.04875532 0.003750409 0.585374 0.0003752398 0 0 0 0 0 0 0 0 0 0
1.01088 0 1.457352 0.25272 1.314144 3.234816 0 0.04212 0.008424001 0 0 0.008424001 0.025272 0 0 0 0 0 0 0 0 0.8087041 0 0 0.12636 0.008424 0 0 0 0 0 0 0 0 0 0.12636 0 0
1.157075 0 0.3090324 0 0.3018456 0.053901 0.0107802 0.0251538 0.4887025 0.017967 0.05030761 0.0287472 0 0 0 0 0 0 0.251538 0.07186801 0 0.754614 0.07186801 0 0 0 0 0 0 0 0 0 0 0 0 0 0 0
0 0 0 0 0 0 0 0.1604275 0 0.07778301 0.2090418 0.03240959 0.01620479 0 0 0 0 0.00162048 0.08102398 0.003240959 0 0.6968061 0 0 0 0 0.3435416 0 0 0 0 0 0 0 0 0 0 0
0.04881604 0 0.003649797 0.00684337 0.01414297 0 0 0.04197267 0.002281123 0.06980238 0.02098634 0 0.01551164 0.004562247 0 0 0 0 0.04379757 0.003649797 0 0.107669 0 0 0.0684337 0.004106022 0 0 0 0 0 0 0 0 0 0 0 0
0.01057673 0 0 0 0.002644182 0 0 0.01322091 0.002644182 0.02644182 0.008990218 0 0.009254636 0.002644182 0.002644182 0 0 0 0.01850927 0 0 0.03754738 0 0 0.0261774 0.0002644182 0.1028587 0 0 0 0 0 0 0 0 0 0 0
0.1553767 0.1980534 0.008286754 0.0008286755 0.0008286755 0.009529767 0.009944106 0 0.009944106 0.003314702 0 0 0 0 0 0 0 0 0 0 0 0 0 0 0.00538639 0.0004143377 0.008286754 0 0 0 0 0 0 0 0 0.004143377 0 0
0.006291998 0 0.001258815 0 0.012584 0.006291998 0 0.006291998 0.006291998 0 0.0012584 0 0 0 0 0 0 0 0 0 0 0.08557118 0 0 0 0 0 0 0 0 0 0 0 0 0 0 0 0
0 0 0 0 0.0408527 0.01116194 0 0.02053797 0.02232388 0.02053797 0 0 0 0 0 0 0.001116194 0.0002232388 0 0 0 0.1116194 0.01339433 0.002232388 0 0 0 0 0 0 0 0 0 0 0 0 0 0
1.024276 0 0.1794114 0.1370051 0.6589293 0.02283418 0.006524052 0.4240634 0.003262026 0 0 0 0 0 0 0 0 0 0 0.003262026 0 0.3066304 0 0 0.3258764 0.003258764 0.1631013 0 0 0 0 0 0 0 0 0 0 0
0.2090374 0 0.03661484 0.02796042 0.1637682 0.00466007 0.001331449 0.06657243 0.0006657243 0 0 0 0 0 0 0 0 0 0.06657243 0 0 0.08787561 0 0 0 0 0 0 0 0 0 0 0 0 0 0 0 0
0.1183725 0.004734899 0.06214555 0 0.1799262 0.004734899 0 0 0.0005918624 0 0.004734899 0.001183725 0.001183725 0 0 0.01479656 0 0 0.003551175 0 0 0.06628859 0.0001775587 0.0005918624 0.05918624 0.007694212 0.06214555 0 0 0 0 0 0 0 0 0 0 0
6.067396 0.1808164 1.788074 0.04018143 4.419958 2.430977 0.2009072 0.5424494 0.5022679 0.08036287 0 0 0 0 0 0 0.002009072 0 0 0.0002009072 0 0.5022679 0.06027215 0 0.3412382 0.02007284 0 0 0 0 0 0 0 0 0 0.2611793 0.6027215 2.029162
0.7323058 0.01554423 0.1554423 0.003454273 0.455964 0.08808396 0.07081259 0.003454273 0.001727136 0.01554423 0 0 0 0 0 0 0.001727136 0 0 0.001709865 0 0.01727136 0 0 0 0 0.01554423 0 0 0 0 0 0 0 0 0.02245277 0.05181409 0.07253973
0.1016361 0.001197854 0.05686783 0.01814931 0.5239101 0.1657637 0 0.002419908 0.001197854 0.01209954 0.01209954 0.01209954 0.01209954 0.01209954 0 0 0.00604977 0.00604977 0.01209954 0.0004355834 0.03629862 0.1996424 0 0 0.008472556 0.001210365 0.008469678 0 0 0 0 0 0 0 0 0 0 0
3.190874 0 0.2252382 0 0.3753969 0.1501588 0 0 0.5255557 0.04504763 0 0 0 0 0 0 0 0 0 0 0 0 0 0 0.06959859 0.007733177 0.6682065 0 0 0 0 0 0 0 0 1.126191 1.126191 0.2252382
2.494799 0 0.1070004 0 0 0 0.0535002 0 0 0.0535002 0 0 0 0 0 0.0084474 0 0 0 0 0 0.0084474 0 0 0.0253422 0.0028158 0.0084474 0 0 0 0 0 0 0 0 0.0535002 0 0
7.165161 0 0.215208 0 0.07595577 0.7342391 0.0126593 0.3038231 0.3544603 0.03797788 0 0 0 0 0 0 0 0 0 0 0 0 0 0 0.1264664 0.03793991 0.1645708 0.1645708 0 0 0 0 0 0 0 2.291332 0 0.9621064
0.9972334 0 0.02708953 0 0.01015857 0.09312026 0.0389412 0.0009481336 0 0.005079287 0 0 0 0 0 0 0 0 0 0 0 0 0 0 0.1016426 0.01016426 0.04740668 0.003386192 0 0 0 0 0 0 0 0.106665 0.1286753 0.123596
0.4504103 0 0.01091303 0 0.05754141 0.008928838 0.00595256 0 0 0.01785768 0 0 0 0.0004960467 0.001984187 0 0 0 0.004960466 0.0001686559 0 0 0 0 0.03967063 0.003967063 0.3700508 0.00595256 0 0 0 0 0 0 0 0.01091303 0 0.001984187
0.02089135 0 0 0 0.08633412 0.02793903 0 0.0168641 0.01258515 0 0.005789168 0.005285762 0.001258515 0 0 0 0.001258515 0.001258515 0.004027247 4.530654e-05 0.001258515 0.04505483 0.001761921 0.000251703 0.015876 0.001764 0 0 0 0.00251703 0 0 0 0 0 0 0 0
0 0 0 0 0 3.100227e-05 0 0 5.536119e-05 0.01339741 0 0 0 5.536119e-05 5.536119e-05 0.003653839 0 0 0.0007196955 8.85779e-06 0.0006089731 0 0 0 0.01108069 0.001440489 0.02214448 0.00138403 0.0002768059 5.536119e-07 0.0004982507 6.089731e-07 6.089731e-07 5.536119e-07 6.089731e-08 0 0 0
0.0002981668 0 0.02280975 0.0002981668 0.002087167 0.01490834 0 0.005217918 0.0001490834 0.012523 0 0 0 0 0 0 0 0 0.012523 0 0 0 0 0 0.01131901 0.001191474 0.03965618 0.012523 0 0 0 0 0 0 0 0 0.01311934 0.0002981668
0 0 0 0 0 0 0 0.002581447 0 0.01834186 0 0 0 0 0 0 0 0 0.0169832 0.0002037984 0.0002037984 0.0209233 0.007676407 0.0008831265 0 0 0 6.793281e-05 6.793281e-05 0 0 0 0 0 0 0 0 0
0.0006648807 0 0 0.005817707 0 0.005817707 0 0 1.662202e-05 0.01329761 0.003324403 0.003158184 0.0008311009 0.001662202 0.0009973211 0.01047187 0.0003324404 0.0006648807 0.002327083 2.659523e-05 0.0006648807 0.004986606 0.0009973211 0.0001662202 0.02809121 0.005485266 0.06715296 0.007479908 0.001828422 0 0 0 0 0 0 0 0 0
0.0001666763 0 0 7.703528e-06 7.703528e-06 7.703528e-06 0 6.302886e-06 7.703528e-06 1.260577e-05 3.501604e-06 3.501604e-06 6.372919e-07 3.501604e-05 0 1.120513e-05 4.131892e-07 4.412021e-07 2.801283e-06 2.941347e-08 0 4.902245e-06 5.74263e-05 6.302886e-06 3.011379e-05 0 4.622117e-05 6.372919e-07 0 0 0 0 0 0 0 3.221475e-07 0.0002801283 0
0 0 0 0 0 0 0 0 0 0 0 0 0 0 0 0 0 0 0 0 0 0 0 0 0 0 0 0 0 0 0 0 0 0 0 0 0 0
0 0 0 0 0 0 0 0 0 0 0 0 0 0 0 0 0 0 0 0 0 0 0 0 0 0 0 0 0 0 0 0 0 0 0 0 0 0
