food_web_filename = 'North_Benguela_502';
crc = 'crc_3dc6573e';
n = 26;
l = 25;
b0 = [3.84633827 20.51287 32.04218 28.4674625 43.8070374 15.3763018 34.078 0.539405763 21.9590034 15.7968578 4.312897 18.8922043 9.607743 5.21253443 0.0488673374 4.48203468 11.6987705 6.580559 4.45360136 4.112385 0.36 0.016574 0.08550436 0.019 214.286 330.657012898271].';
p = [0 0 0 0 0 0 0 0 0 0 0 0 0 0 0 0 0 0 0 0 0 0 0 0 9180.01224 0].';
q = [0 0 0 0 0 0 5.47486 0 0 0 0 0 0 0.287151 0.0109497206 0 1.26144 2.24256 0.008531 0 0 0 0.009136 0 228 198.908670949603].';
r = [4078.65723 957.2628 396.2208 20.8837318 806.049438 104.558853 264.1045 5.34011745 131.754028 106.865746 30.19028 96.7063141 50.9210358 15.2888842 0.171035677 29.8801327 58.8596725 30.81004 13.3608046 12.3371544 0.7799905 1.472865 1.22356737 0.108498685 1530.00204 0].';
F = [
444.9444 0 0 0 0 0 0 0 0 0 0 0 0 0 0 0 0 0 0 0 0 0 0 0 3485.398 3485.398
1367.521 0 0 0 0 0 0 0 0 0 0 0 0 0 0 0 0 0 0 0 0 0 0 0 1367.521 0
0 406.3846 0 0 0 0 0 0 0 0 0 0 0 0 0 0 0 0 0 0 0 0 0 0 609.5768 0
0 25.8923 5.011412 1.670471 0 0 0 0 0 0 0 0 0 0 0 0 0 0 0 0 0 0 0 0 0.8352353 8.352353
0 0 0 0 0 0 0 0 0 0 0 0 0 0 0 0 0 0 0 0 0 0 0 0 0 1445.632
0 0 0 0 132.2362 7.688151 0 0 0 0 0 0 0 0 0 0 0 0 0 0 0 0 0 0 0 13.83867
38.16736 85.87656 85.87656 0 0 0 0 0 0 0 0 0 0 0 0 0 0 0 0 0 0 0 0 0 267.1715 0
0.3883721 3.009884 3.106977 0 0 0 0 0 0 0 0 0 0 0 0 0 0 0 0 0 0 0 0 0 3.20407 0
0 17.91855 37.68165 0 171.2802 6.587701 0 0 2.371572 1.31754 0 2.63508 0 0 0 0 0 0 0 0 0 0 0 0 0 23.71572
0 77.72054 116.5808 0 0 0 0 0 0 0 0 0 0 0 0 0 0 0 0 0 0 0 0 0 0 0
0 1.293869 36.22833 0 0 0 3.55814 0.06469345 3.428753 6.663426 0.6469345 4.399155 6.469346 0 0 0 1.940804 0 0 0 0 0 0 0 0 0
1.059778 136.7113 30.02704 4.592371 0 0 0 0 0 0 0 0 0 0 0 0 0 0 0 0 0 0 0 0 1.236407 3.002704
0 48.03871 19.21549 0 28.82323 0 0 0 0 0 0 0 0 0 0 0 0 0 0 0 0 0 0 0 0 0
0 4.169767 18.06899 0 2.779845 0 0 0 2.223876 0.5559689 0 0 0 0 0 0 0 0 0 0 0 0 0 0 0 0
0 0 0.04886734 0 0 0 0.004153724 0.0007330101 0.01221683 0.03249678 0.07207932 0.01954693 0.006841427 0 0 0.005619744 0.006108417 0.01123949 0 0.02443367 0 0 0 0 0 0
0 8.964047 25.81646 0 0 0 0 0 14.94008 1.97209 4.183222 3.88442 0 0 0 0 0 0 0 0 0 0 0 0 0 0
0 0 12.99809 0 0 0 28.19304 0.5492152 10.80123 2.379932 3.569899 5.126008 4.942936 3.020683 0 7.597476 7.322869 2.65454 1.189966 1.189966 0 0 0 0 0 0
0 0 12.9303 0 8.715983 2.394501 0 0 3.352301 4.789002 3.591751 0.4789002 0 0 0 1.10147 2.873401 0 2.633951 2.394501 0 0 0 0 0 2.633951
0 0 2.115461 0 6.012362 1.55876 0 0 0 0.6680402 6.012362 0.5567002 0 0.3340201 0 0 0.5567002 1.44742 0.5567002 0.2226801 0 0 0 0 0 2.226801
0 3.701146 10.28096 0 0 0 0.1233715 0.02056192 0.8019151 0.7402293 3.166536 0.6991055 0 0.4112385 0 0 0 0.4112385 0 0.2056193 0 0 0 0 0 0
0 0 0 0 0.2579974 0.203998 0.01439986 0.01199988 0.0299997 0.0299997 0.1199988 0.08399916 0.003599964 0.02399976 0.004799952 0 0.002399976 0.002399976 0.0599994 0.02399976 0.1199988 0 0.002399976 0 0 0.203998
0 0.005981557 0.08573564 0 0 0 0.07576638 0.297084 0.9271413 0.09969261 0.08972335 0.1654897 0.009969261 0 0.005981557 0.003987704 0.1036803 0.0917172 0 0.02990778 0 0 0.001993852 0 0 0
0 0 0 0 0 0 0.02340682 0.02496727 0.5882914 0.1622873 0.05461591 0.03589046 0.07802273 0.08270409 0 0.2465518 0.2465518 0 0 0.017165 0 0 0 0 0 0
0 0.007047385 0.05863424 0 0 0 0.001268529 0.0007047385 0.009302548 0 0.03580072 0.0005637908 0.007047385 0.006060751 0.002678006 0 0.003382745 0.003382745 0 0 0 0.0004228431 0.004651274 0 0 0
0 0 0 0 0 0 0 0 0 0 0 0 0 0 0 0 0 0 0 0 0 0 0 0 0 0
1485.002 958.0854 203.6088 14.6152 289.4769 30.77106 175.5191 3.399227 92.26734 68.0249 12.96026 61.83848 33.63863 8.343704 0.04889177 20.92507 18.35885 10.21548 4.458055 4.116497 0.2999988 0.5205643 0.3187061 0.03244902 1687.067 0
];

