food_web_filename = 'North_Benguela_500';
crc = 'crc_8b0e97d3';
n = 26;
l = 25;
b0 = [3.25431824 21.2349777 35.9643364 26.0729561 57.1379 28.3075066 35.3687134 1.8697722 20.2027988 19.650959 4.1289525 17.62856 11.5395784 4.41933441 0.0277070254 6.51830864 13.1074858 7.372961 6.46514034 4.134176 0.36 0.017682 0.253 0.019 207.2 357.747795695221].';
p = [0 0 0 0 0 0 0 0 0 0 0 0 0 0 0 0 0 0 0 0 0 0 0 0 8876.448 0].';
q = [0 0 0 0 0 0 0 0 0 0 0 0 0 0 0 0 0 0 0 0 0 0 0 0 228 97.6003003205609].';
r = [3450.87915 990.961 444.720642 19.127121 1051.3374 192.491043 274.107544 18.5107441 121.216805 132.938736 28.902668 90.2379 61.1597633 12.9623508 0.09697459 43.455246 65.9472961 34.52005 19.395422 12.4025278 0.7799905 1.57132864 3.62043 0.108498685 1479.408 0].';
F = [
250.973 0 0 0 0 0 0 0 0 0 0 0 0 0 0 0 0 0 0 0 0 0 0 0 3011.676 3011.676
1274.095 0 0 0 0 0 0 0 0 0 0 0 0 0 0 0 0 0 0 0 0 0 0 0 1557.228 0
0 410.5156 0 0 0 0 0 0 0 0 0 0 0 0 0 0 0 0 0 0 0 0 0 0 729.8056 0
0 23.7144 4.589883 1.529961 0 0 0 0 0 0 0 0 0 0 0 0 0 0 0 0 0 0 0 0 0.7649805 7.649805
0 0 0 0 0 0 0 0 0 0 0 0 0 0 0 0 0 0 0 0 0 0 0 0 0 1885.551
0 0 0 0 243.4446 19.81525 0 0 0 0 0 0 0 0 0 0 0 0 0 0 0 0 0 0 0 19.81525
39.61296 89.12916 89.12916 0 0 0 0 0 0 0 0 0 0 0 0 0 0 0 0 0 0 0 0 0 277.2907 0
1.346236 10.43333 10.76989 0 0 0 0 0 0 0 0 0 0 0 0 0 0 0 0 0 0 0 0 0 11.10645 0
0 14.54602 36.36504 0 157.5818 6.06084 0 0 1.212168 1.212168 0 2.424336 0 0 0 0 0 0 0 0 0 0 0 0 0 23.03119
0 96.68272 145.0241 0 0 0 0 0 0 0 0 0 0 0 0 0 0 0 0 0 0 0 0 0 0 0
0 1.238686 33.44452 0 0 0 8.856603 0.6812772 0.3096714 5.759889 0.6193429 4.211532 6.193429 0 0 0 0.6193429 0 0 0 0 0 0 0 0 0
0.9852665 127.5884 28.00049 4.206089 0 0 0 0 0 0 0 0 0 0 0 0 0 0 0 0 0 0 0 0 1.231171 2.80351
0 57.69789 23.07916 0 34.61874 0 0 0 0 0 0 0 0 0 0 0 0 0 0 0 0 0 0 0 0 0
0 3.535247 15.79077 0 2.356831 0 0 0 1.414099 0.4713662 0 0 0 0 0 0 0 0 0 0 0 0 0 0 0 0
0 0 0.02770703 0 0 0 0.002355097 0.0004156054 0.006926756 0.01842517 0.04086786 0.01108281 0.003878984 0 0 0.003186308 0.003463378 0.006372616 0 0.01385351 0 0 0 0 0 0
0 9.733983 42.58618 0 0 0 0 0 24.33496 1.998943 6.08374 2.172764 0 0 0 0 0 0 0 0 0 0 0 0 0 0
0 0 9.733296 0 0 0 31.1777 2.256281 5.127911 7.794424 2.974188 5.640702 7.384191 2.358839 0 11.58908 6.973958 6.153493 2.051164 1.333257 0 0 0 0 0 0
0 0 14.48732 0 9.65821 2.682836 0 0 2.146269 4.560822 1.877985 0.5365672 0 0 0 0.6975374 6.009553 0 4.024254 2.146269 0 0 0 0 0 4.829105
0 0 3.555827 0 8.727939 5.172112 0 0 0 0.9697711 6.46514 0.8081425 0 0.4848855 0 0 1.1314 1.454657 0.323257 0.323257 0 0 0 0 0 2.909313
0 3.720758 10.33544 0 0 0 1.570987 0.02067088 0.3927467 0.7441517 2.149772 0.7028099 0 0.4134176 0 0 0 0.4134176 0 0.2067088 0 0 0 0 0 0
0 0 0 0 0.2579974 0.203998 0.01439986 0.01199988 0.0299997 0.0299997 0.1199988 0.08399916 0.003599964 0.02399976 0.004799952 0 0.002399976 0.002399976 0.0599994 0.02399976 0.1199988 0 0.002399976 0 0 0.203998
0 0.006381434 0.09146724 0 0 0 0.08083149 0.3169445 0.9891222 0.1063572 0.09572153 0.176553 0.01063572 0 0.006381434 0.004254289 0.1106115 0.09784865 0 0.03190717 0 0 0.002127145 0 0 0
0 0 0 0 0 0 1.454434 0.073876 0.3555283 0.480194 0.1616038 0.1061968 0.2308625 0.2447142 0 0.7295255 0.7295255 0 0 0.05078975 0 0 0 0 0 0
0 0.007071346 0.05863001 0 0 0 0.001291081 0.0007597081 0.009272949 0 0.03575843 0.0005313728 0.007050204 0.006076255 0.002658274 0 0.003417982 0.003417982 0 0 0 0.0003791493 0.004632951 0 0 0
0 0 0 0 0 0 0 0 0 0 0 0 0 0 0 0 0 0 0 0 0 0 0 0 0 0
1256.434 991.8125 228.5318 13.38586 377.5672 56.64898 177.8959 11.78293 84.88812 84.62155 12.4075 57.70228 40.40237 7.074029 0.02772088 30.43173 21.02724 11.00507 6.471605 4.13831 0.2999988 0.5554368 0.9876599 0.03244902 1579.937 0
];

