food_web_filename = 'Orbetello_Lagoon_232';
crc = 'crc_f3c98f61';
n = 12;
l = 11;
b0 = [0.052 2.862169 3.58058619 5.535353 11.5018511 162.675415 5.399459 2.51851845 52.7760048 130.257416 225 18000].';
p = [0 0 0 0 0 0 0 0 0 6252.355968 1978.932222 0].';
q = [0 0.602 1.173 4.384 0.902 0 2.826 1.02 0 0 0 4833.23513321346].';
r = [2.42736 10.1149054 10.0614471 15.5100594 111.107872 992.32 53.9136 28.16963 791.64 1042.059328 329.822037 0].';
F = [
0 0 0 0 1.97392 0 1.06288 0 0 0 0 0
0 0 0 0 6.02 5.139024 3.523902 0 0 0 0 0
0 0 0 0 4.296703 9.309524 0.7161172 0 0 0 0 0
0 0 0 0 0 26.23757 0 0 0 0 0 0
0 0 0 0 2.449894 85.41965 0.3266526 0 75.13009 0 0 0
0 0 0 0 0 436.9462 0 0 583.5167 436.9462 583.5167 724.5563
0 0 0 0 0 26.58964 0 0 6.330866 0 51.9131 41.78371
0 0 0 0 0 10.63067 0 0 0 0 24.2143 24.2143
0 0 0 0 0 0 0 0 369.432 3324.888 0 0
0 0 0 0 0 0 0 0 0 0 0 0
0 0 0 0 0 0 0 0 0 0 0 0
0.60944 3.966022 3.087898 6.343515 36.57589 1172.89 64.24816 29.86963 1868.271 1448.462 989.4661 0
];

