food_web_filename = 'Peru_658';
crc = 'crc_efa94a93';
n = 20;
l = 19;
b0 = [49.7 6 18 51.54 36.79 2.61 13.06 0.33 6 1.5 5 0.02 0.019 0.012 0.013 0.002 0.05 187.66 25.58 1082.21].';
p = [0 0 0 0 0 0 0 0 0 0 0 0 0 0 0 0 0 56298 383.7 0].';
q = [0 0 0.100889028145641 41.2662020873632 11.8475584566476 1.26581581111927 3.60820659287297 0.0154164765855399 2.52375852704136 0.45923988601591 0.688332643206309 0 0 0 0 0.000383783522932815 0.00191891761474027 0 0 19470.1902723634].';
r = [16587.9469789854 141.69153135971 171.223093481459 1089.19247413761 525.317654656103 50.1811813582923 258.144320740536 18.7433907738909 67.5679063944513 19.4733130939356 22.3848014050832 1.99150790417826 1.80075134255407 0.719638400970059 0.556294216509471 0.0947945301644052 3.44637603607353 18125.3109962185 63.9450003908982 0].';
F = [
272.310805897796 0 0 0 0 0 0 0 0 0 0 0 0 0 0 0 0 27947.4601023832 0 5819.08048489106
0 13.3739469519739 0 0 0 0 0 0 0 0 0 0 0 0 0 0 0 19.2978638870535 119.870627785158 114.936485689232
0 36.1458025729024 12.9714464758681 0 0 0 0 0 0 0 0 0 0 0 0 0 0 34.770925922619 71.9943710421371 103.546383503813
718.310715035968 0 0 0 0 0 0 0 0 0 0 0 0 0 0 0 0 869.762645433741 0 83.0165872011234
596.209951337824 0 0 0 0 0 0 0 0 0 0 0 0 0 0 0 0 230.260025644767 0 25.3964763273685
24.3736576392934 0 0 25.0790701654942 19.5020845959281 0 0 0 0 0.696506751999835 0 0 0 0 0 0 0 0 0 0
189.375199613438 0 0 110.959629705913 54.1159808473817 0 0 0 0 2.8789844933305 0 0 0 0 0 0 0 0 0 0
0 0 0 9.39530793908981 6.10574537697128 1.52645809237346 5.87076437405097 0 0 0.469675051156977 0.0851349959438828 0 0 0 0 0 0 0 0 0
24.3780949310266 0 1.68628804186285 27.0965053459255 17.3383422260671 1.80610304757262 15.3512789587686 0 0.715829691306276 0.451521568603878 0.654755441098685 0 0 0 0 0 0 0 0 0
20.9922484128285 0 0 0.969221152758106 0.549116968337583 0.0646029167016362 0.258401618672486 0 0 0.0323011583693543 0 0 0 0 0 0 0 8.47228381030534 0 0.962981366585458
0 12.8853092505254 19.8174876714651 0 0 0 0 0 0 0 5.77108161224802 0 0 0 0 0 0 0 0 0
0 0 0 1.13058431600403 0.916848588531805 0.100477989202139 0.25118520548674 0 0.0124448062519032 0.0251192640174585 0.0546385021296325 0 0 0 0 0 0 0 0 0
0 0 0 1.02537692313207 0.785967220970977 0.0911279326558587 0.227810973044995 0 0.0112867452368813 0.0455635431784491 0.0660720990673139 0 0 0 0 0 0 0 0 0
0 0 0 0.364343779574445 0.359718502806801 0.0364277091595032 0.0910657317418357 0 0.00451179194856985 0.0182136854289133 0.0264118271778577 0 0 0 0 0 0 0 0 0
0 0 0 0.26695075637097 0.189638118097609 0.0421424044433612 0.175586524038203 0 0.00695945533214435 0.00702366884494921 0.0101850846393129 0 0 0 0 0 0 0 0 0
0 0 0 0.0454696343269235 0.0323009981375049 0.00717810185573735 0.0299075947537599 0 0.00118540173239821 0.00119633919886498 0.00173482210889395 0 0 0 0 0 0 0 0 0
0 0 0 1.65010769734803 1.17221364208687 0.260495631861436 1.08535626122516 0 0.0430186112563868 0.0434155354426806 0.0629572539517966 0 0 0 0 0 0 0 0 0
0 0 0 0 0 0 0 0 0 0 0 0 0 0 0 0 0 0 0 0
0 0 0 0 0 0 0 0 0 0 0 0 0 0 0 0 0 0 0 0
15604.9537413183 63.3823341782987 53.6297248185613 362.648704029906 213.633283111883 14.2693081574775 72.2359100848685 4.69427857910543 18.5918178276743 7.69908336504131 8.66777284757194 0.499790767441274 0.452454094728155 0.181054626863348 0.1421917952513 0.0237945784218345 0.869269679477344 9062.66515669981 127.890000781796 0
];

