food_web_filename = 'Peru_312';
crc = 'crc_d052b10d';
n = 20;
l = 19;
b0 = [0.146 0.01 0.018 2 0.001 0.06 0.007 0.45 3.83 1.95 8.75 0.87 3.49 10 116.46 60 5 87.30708 18.6533337 185.39989583098].';
p = [0 0 0 0 0 0 0 0 0 0 0 0 0 0 0 0 0 26192.124 279.8000055 0].';
q = [0 0 0 0.246 0 0.001 0 0.041 0.574 0.082 0.025 0.197 0.033 0.07 90.4 0 0 0 0 11893.0682157431].';
r = [7.58615971 0.49662 0.565632 6.39999962 0.0247 2.1552 0.1561 8.898299 20.4138985 19.9173 91.8225 6.78600025 21.638 68 1152.13867 8580 88.2 4365.354 46.63333425 0].';
F = [
0 0 0 0.09489999 0 0 0 0 0.4744999 0.4744999 1.4235 0.4744999 1.4235 0 5.1246 0 0 0 0 0
0 0 0 0.006213999 0 0 0 0 0.03107 0.03107 0.09320999 0.03107 0.09320999 0 0.335556 0 0 0 0 0
0 0 0 0.007079399 0 0 0 0 0.035397 0.035397 0.106191 0.035397 0.106191 0 0.3822876 0 0 0 0 0
0 0 0 1.65 0 0 0 0 0 0 0 0 0 5.5 0 0 3.85 0 0 0
0 0 0 0.00031 0 0 0 0 0 0.00031 0.00093 0.00031 0.00062 0 0.02852 0 0 0 0 0
0 0 0 0.0135 0 0 0 0 0.0135 0.027 0.081 0.027 0.054 0 2.484 0 0 0 0 0
0 0 0 0.0009800001 0 0 0 0 0 0.00196 0.00588 0.0009800001 0.00588 0 0.18032 0 0 0 0 0
0 0 0 0.05823 0 0 0 0 0 0.11646 0.29115 0.05823 0.34938 0 10.77255 0 0 0 0 0
0 0 0 0.135965 0 0 0 0 0.135965 0 0 0.135965 0.54386 0.54386 19.71492 5.98246 0 0 0 0
0 0 0 0 0 0 0 0 0 0 0 0.0269685 0.53937 0 22.35689 4.045276 0 0 0 0
0 0 0 0 0 0 0 0 0 0 0 0.124075 2.4815 0 102.8582 18.61125 0 0 0 0
0 0 0 0 0 0 0 0 0 0.01044 0.04176001 0.01044 0.01044 0 0.5637601 6.786 0 2.70396 0 0.3132
0 0 0 0 0 0 0 0 0 0 0 0 0 0 0 24.43 0 9.423 0 1.047
0 0 0 0 0 0 0 0 0 0 0 0 0 5 0 0 15 10 40 30
0 0 0 0 0 0 0 0 0 0 0 0 0 0 0 354.9701 0 1295.641 0 124.2395
0 0 0 0 0 0 0 0 0 0 0 0 0 0 0 1065 0 18318 0 1917
0 0 0 0 0 0 0 0 0 0 0 0 0 0 0 0 8.325 8.325 99.9 49.95
0 0 0 0 0 0 0 0 0 0 0 0 0 0 0 0 0 0 0 0
0 0 0 0 0 0 0 0 0 0 0 0 0 0 0 0 0 0 0 0
1.90384 0.12478 0.142308 2.386822 0.0063 0.5438 0.0399 2.7067 5.514668 6.272063 30.18388 2.532065 7.621049 20.88614 367.51 11240.17 51.125 2182.677 93.26667 0
];

