food_web_filename = 'Peru_311';
crc = 'crc_c834b471';
n = 20;
l = 19;
b0 = [0.59 0.06 1e-04 1e-04 2.39 0.024 0.024 0.28 2.39 2.217 9.974 2.29 16.49 12 72.68 60 5 89.12725 19.72 167.870371296246].';
p = [0 0 0 0 0 0 0 0 0 0 0 0 0 0 0 0 0 26738.175 295.8 0].';
q = [0.467 0.001 0 0 0.147 0 0 0 0 0.057 0.025 0.188 0.008 0.008 5.59 0 0 0 0 12747.7715033775].';
r = [11.6879 1.91519988 0.00247 0.00223 7.648 1.191888 0.7541761 13.90816 11.34772 4.90843773 104.667152 17.9169579 128.622009 81.6 719.677368 8580 88.2 4456.3625 49.3 0].';
F = [
0 0 0 0 0.076405 0 0 0 0 0.15281 0.687645 0.15281 2.75058 0 11.46075 0 0 0 0 0
0 0 0 0 0.012 0 0 0 0.012 0.048 0.144 0.024 0.24 0 1.92 0 0 0 0 0
0 0 0 0 3.1e-05 0 0 0 0 4.65e-05 0.0001395 3.1e-05 0.000372 0 0.00248 0 0 0 0 0
0 0 0 0 1.4e-05 0 0 0 0 2.8e-05 0.00014 1.4e-05 0.000364 0 0.00224 0 0 0 0 0
0 0 0 0 1.97175 0 0 0 0 0 0 0 0 6.5725 0 0 4.60075 0 0 0
0 0 0 0 0.0149136 0 0 0 0 0.0074568 0.0671112 0.0149136 0.1193088 0 1.267656 0 0 0 0 0
0 0 0 0 0.0094392 0 0 0 0 0.0047196 0.0424764 0.0094392 0.0755136 0 0.802332 0 0 0 0 0
0 0 0 0 0.173992 0 0 0 0 0.08699599 0.6959679 0.08699599 1.565928 0 14.78932 0 0 0 0 0
0 0 0 0 0.0754045 0 0 0 0.452427 0.150809 0.6786405 0.0754045 0.9802585 0.301618 9.04854 3.317798 0 0 0 0
0 0 0 0 0 0 0 0 0 0 0 0.0849111 1.188755 0 5.943777 1.273667 0 0 0 0
0 0 0 0 0 0 0 0 0 0 0 1.414313 19.80038 0 99.00192 21.2147 0 0 0 0
0 0 0 0 0 0 0 0 0 0.0275487 0.1101948 0.0275487 0.1377435 0 1.377435 17.90666 0 7.135114 0 0.826461
0 0 0 0 0 0 0 0 0 0 0 0 0 0 0 138.516 0 53.4276 0 5.9364
0 0 0 0 0 0 0 0 0 0 0 0 0 6 0 0 18 12 48 36
0 0 0 0 0 0 0 0 0 0 0 0 0 0 0 219.9297 0 802.7433 0 76.97539
0 0 0 0 0 0 0 0 0 0 0 0 0 0 0 1065 0 19170 0 1065
0 0 0 0 0 0 0 0 0 0 0 0 0 0 0 0 8.325 8.325 99.9 49.95
0 0 0 0 0 0 0 0 0 0 0 0 0 0 0 0 0 0 0 0
0 0 0 0 0 0 0 0 0 0 0 0 0 0 0 0 0 0 0 0
3.1261 0.4838 0.00063 0.00057 3.016051 0.299472 0.189744 3.49104 3.268753 3.047257 34.31285 7.553359 42.39079 25.51788 228.7646 11252.84 47.37425 2228.181 98.6 0
];

