food_web_filename = 'Peruvian_Upwelling_Baird_1991';
crc = 'crc_03ee32a8';
n = 16;
l = 13;
b0 = [24.861 2.303 0.347 0.814 7.1 0.9 2.7 6.12 4.97 2.67 1.74187830833073 0.042 0.012 2.384 11.5 23.38].';
p = [4753.1232 701.568 0 0 0 0 0 0 0 0 0 0 0 0 0 0].';
q = [0 0 0 0 321.357974600429 0 0.0365194449757815 4.84268636900898 1.13973970442827 0.303464196582598 0.350016789846888 0.0317719494368766 0.00322006835547159 0 62.4833999999999 1602.70040732799].';
r = [1973.16 336.168 214.4898 378.189000000002 426.020434218 3.72522402146102 20.4508891864376 41.0894601006823 26.83903174944 5.9825798754855 3.32515950354543 1.77922916846509 0.515210936875455 4.41486313783972 0 25.2931176507175].';
F = [
0 0 0 0 0 0 0 0 0 0 0 0 0 0 0 0
0 0 0 0 0 0 0 0 0 0 0 0 0 0 0 0
0 0 0 0 0 0 0 0 0 0 0 0 0 0 459.307799999999 0
491.463 0 228.0096 81.1188000000004 0 0 0 0 0 0 0 0 0 0 0 0
1489.005 0 0 103.042800000001 0 0 0 0 0 0 0 0 0 253.486725164297 0 0
0 15.67566 0 0 0 2.30087366031416 0 0 0 0 0 0 0 0 0 11.9713457279008
0 10.81584 0 0 0 4.05392025864876 1.35121946410391 0 0 0 0 0 0 0 0 10.8034095593252
33.2514 0 0 0 27.639734053936 0 0 0 0 0 0 0 0 3.31114735337979 0 0
13.8852 0 0 0 35.7473893764239 0 0 0 0 0 0 0 0 1.83952630743321 0 0
3.43476 0 0 0 1.55888100064199 0 0 8.95163237907721 6.21341967897995 0.216760140416141 0 0 0 0 0 0
0 0 0 0 1.32670723458893 1.86261201073051 2.77547781815939 1.68760282556374 1.02944231367715 0.628604407206809 0.840040295632531 0 0 0 0 0
0 0 0 0 0 0 0 1.02723650251706 0.625018547589699 0.498548322957125 0.105005036954066 0 0 0 0 0
0 0 0 0 0 0 0 0.183435089735189 0.220594781502247 0.108380070208071 0.0350016789846888 0 0 0 0 0
0 0 16.8084 238.240800000001 1031.88340468028 0 0 0 0 0 0 0 0 1.47162104594657 0 0
521.7912 0 0 0 0 0 0 0 0 0 0 0 0 0 0 0
227.13264 338.9085 0 0 0 18.0052494370616 2.41028336840158 6.42022814073161 15.4048689082402 12.637116186261 5.49526360059614 0.444807292116272 0.0289806151992443 1023.88034271733 0 8.86901528012166
];

