food_web_filename = 'Port_Phillip_Bay_431';
crc = 'crc_47e386d6';
n = 34;
l = 33;
b0 = [6.476684 9.974093 58.4065781 4.10987 62.4843521 5.43005228 0.9450776 0.0251600016 0.25863 0.8996 3.73056984 2.849741 0.328238338 0.262953371 1.73898959 1.71373057 0.113989644 0.0932642445 0.408497453 0.207046628 0.433873057 0.316321254 4.7275 0.296347141 0.391709834 5.54922247 0.0915544 1.018135 0.019689 7.61658 18.13472 0.2590674 18.1347179 14766.84].';
p = [0 0 0 0 0 0 0 0 0 0 0 0 0 0 0 0 0 0 0 0 0 0 0 0 0 0 0 0.18103010765113 0 2284.974 957.513216 7.46114112 435.2332296 419.061462491].';
q = [0 0 0 1.112 0.025 0 0.0255 0.0710887440851676 0.048 3e-04 0 0.812 0.012 0.0334999971 0.00500000035 0.1535 0.06 0.001 0 0.001 0 0.053 0.041 0.0497 2e-04 0 0.003 0 1e-05 0 0 0.01 0.01 9.10346017137175].';
r = [100.441711 99.56839 2446.65137 18.61771 341.164551 224.369751 13.8170338 0.2314217 2.05791879 6.56348228 129.6373 65.45855 0.5391314 0.44636336 2.38024163 3.04915524 0.156023324 0.153186515 0.5591309 0.368387729 0.653195858 0.502239048 7.764919 3.78583455 2.323329 5.626911 0.09283616 1.30524909 0.31136182 380.829 159.585536 1.24352352 72.5388716 0].';
F = [
48.39767 0 0 0 0 0 0 0 0 0 0 0 0 0 0 0 0 0 0 0 0 0 0 0 0 0 0 0 0 435.579 0 0 0 0
96.27195 38.50878 0 0 0 0 0 0 0 0 0 0 0 0 0 0 0 0 0 0 0 0 0 0 0 0 0 0 0 298.443 0 0 0 48.13597
0 0 0 0 0 0 0 0 0 0 0 0 0 0 0 0 0 0 0 0 0 0 0 0 0 0 0 0 0 0 41.93454 0 41.93454 3811.85
15.35335 0 0 0 0 0 0 0 0 0 0 0 0 0 0 0 0 0 0 0 0 0 0 0 0 0 0 0 0 22.07683 4.411882 0 0 2.95552
20.69384 25.81556 0 0 0 0 0 0 0 0 0 0 0 0 0 0 0 0 0 0 0 0 0 0 0 0 0 0 0 541.735 39.17047 0 0 109.9005
0 0 144.279 0 115.2241 0 0 0 0 0 0 0 0 0 0 0 0 0 0 0 0 0 0 0 0 0 0 0 0 0 0 0 57.61203 0
0 0.0414691 5.764204 1.472153 6.614321 1.534357 0.1866109 0.004142763 0.02071382 0.1866109 4.83115 0 0 0 0 0 0 0 0 0 0 0 0 0 0 0 0 0 0 0 0 0.02073455 0.02073455 0
0 0 0.08746971 0.02342939 0.09840342 0.02374178 0.002186743 0 0.0001561959 0.001874351 0.07497403 0 0 0 0 0 0 0 0 0 0 0 0 0 0 0 0 0 0 0 0 0 0 0
0 0 0 0 0 0 0 0 0 0 0 0 0 0 0 0 0 0 0 0 0 0 0 0 0 0 0 0 0 0 0.3209598 0.4814397 2.407199 0
0 0 0 0 0 0 0 0 0 0 0 0 0 0 0 0 0 0 0 0 0 0 0 0 0 0 0 0 0 0 2.626832 1.050733 6.304397 0.5253664
0 0 21.09006 0 0 16.95475 0 0 0 0 0 0 0 0 0 0 0 0 0 0 0 0 0 0 0 0 0 0 0 0 22.53741 0 0 146.3898
9.109946 72.24317 0 0 0 0 0 0 0 0 0 0 0 0 0 0 0 0 0 0 0 0 0 0 0 0 0 0 0 4.566572 0 0 0 0
0 0.6965802 0.04488275 0 0.00718124 0.08797018 0.008976549 0 0 0 0.0179531 0.0278273 0.000897655 0 0.000897655 0 0.000897655 0 0.000897655 0 0.000897655 0 0.00179531 0 0.000897655 0 0 0 0 0 0 0 0 0
0 0 0.2404008 0 0.02375217 0.1691443 0.02231265 7.204826e-05 0 0 0.08205297 0.02159289 0.01655455 0.01655455 0.01655455 0.01655455 0.0007197629 0.0007197629 0.007197629 0.007197629 0.0007197629 0.0007197629 0.07485534 0.001439526 0.0007197629 0 0 0 0 0 0 0 0 0
0 0 1.819836 0.02856399 0.3735452 0.3831233 0.0574685 0 0 0 1.618626 0.0814137 0.009521332 0 0.08620274 0 0 0 0 0 0.004789042 0 0.2681863 0.02394521 0 0 0 0 0 0 0 0.0004733327 0.004789042 0
0 0 1.969943 0.1641619 0.3759012 0.5826469 0.04698765 0.0004694067 0 0 0.9726446 0.1315654 0.004698766 0.02349383 0.2114445 0.0469034 0.0009388134 0 0 0 0.004698766 0.004698766 0.1407102 0 0.004698766 0 0 0 0 0 0 3.285847e-05 0.004698766 0
0 0 0.114011 0 0 0.1917884 0.00624718 0 0 0 0 0 0 0 0 0 0 0 0 0 0 0 0 0 0 0 0 0 0 0 0 0 0 0
0 0 0.1435953 0 0 0.09809169 0.01362385 0 0 0 0 0 0 0 0 0 0 0 0 0 0 0 0 0 0 0 0 0 0 0 0 0 0 0
0 0.1308366 0 0 0 0 0 0 0 0 0 0.452896 0.01230088 0 0.01565566 0 0.001118262 0 0.07268702 0 0.03690264 0 0.3958647 0 0 0 0 0 0 0 0 0 0 0
0 0 0 0 0 0 0 0 0 0 0 0.107675 0.03400262 0.0005663434 0.01133421 0.0005663434 0.001145159 0.001145159 0.03003109 0.03456933 0.004532995 0.000849606 0.3403724 0 0 0 0 0 0 0 0 0 0 0
0 0.2713446 0 0 0 0.1939876 0 0 0 0 0 0 0 0 0 0 0 0 0 0 0 0 0 0 0 0 0 0 0 0.03451312 0.2035084 0.1630448 0.3058576 0.0154714
0 0.02089861 0 0 0 0.03180224 0 0 0 0 0 0 0 0 0 0 0 0 0 0 0 0 0 0 0 0 0 0 0 0.02089861 0.211712 0.2544179 0.3171137 0.009086352
0 0.01290331 4.89035 0.258907 2.761306 1.941803 0.2322595 0.00129162 0.05166485 0.1161298 2.498453 0 0.006472676 0.006472676 0.01290331 0.006472676 0.0006458101 0.00129162 0 0 0.01290331 0.01290331 0.06472676 0.01290331 0.01293239 0.01293239 0 0 0 0 0 0.01290331 0 0
0 0.08114723 1.357622 0.001622141 0 0 0.4330114 0.0002704712 0 0 1.876814 0.09192143 0.02163926 0.002703568 0.6274934 0.1082031 0.01081428 0.03244805 0 0 0.05139325 0.005409427 0.4598292 0.06209842 0.1838953 0 0 0 0 0 0 0 0 0
0 0 0.8751686 0.2502133 0.1121084 0.2820792 0.8433941 0 0.01804584 0.018082 0.2276995 0.2891786 0.02531255 0.001807139 0.2820792 0.0578624 0.003614733 0.003614733 0 0 0 0 0.1121084 0.1358301 0.01807161 0 0 0 0 0 0 0 0.018082 0
0 0 4.803243 0.259791 0.5982378 0.7965663 0.4768562 0.003464577 0 0.147392 0.3030415 0.8138829 0.008670115 0.008670115 0.008670115 0.1387218 0.001732289 0 0.008670115 0.008670115 0.008670115 0.008670115 0.2080827 0.008670115 0.008670115 0.008670115 0 0 0 0 0 0.008670115 0.008670115 0.001733849
0 0 0 0 0 0 0.06569287 1.429534e-05 0 0 0 0.006140855 0.002999022 0.006140855 0.002999022 0.02185002 0.0001428106 0.006140855 0.002999022 0.006140855 0.002999022 0.006140855 0.006140855 0.0001428106 0.0001428106 0.002999022 0.002999022 0 0 0 0 0 0 0
0 0.02586144 0.2362012 0 0.2930964 0.1758578 0.1189626 0 0 0 0.05689518 0.2930964 0 0 0 0 0.001724096 0.001724096 0.05689518 0 0 0 0.1189626 0.05689518 0.001724096 0 0 0.01034458 0 0 0 0 0 0.0913771
0 0.02116944 0 0.007828204 0 0 0.006920779 0 0 0 0.06732256 0.04885255 0.01628419 0.02347399 0.007044718 0.007734988 0.0004071047 0.0003912276 0.03520969 0.02583308 0.02660387 0.004478151 0.0170984 0.06880069 0.002442627 0.003521011 0 0 0 0 0 0 0 0
0 0 0 0 0 0 0 0 0 0 0 0 0 0 0 0 0 0 0 0 0 0 0 0 0 0 0 0 0 0 0 0 0 0
0 0 0 0 0 0 0 0 0 0 0 0 0 0 0 0 0 0 0 0 0 0 0 0 0 0 0 0 0 0 0 0 0 0
0 0 0 0 0 0 0 0 0 0 0 0 0 0 0 0 0 0 0 0 0 0 0 0 0 0 0 0 0 0 0 0 0 0
0 0 0 0 0 0 0 0 0 0 0 0 0 0 0 0 0 0 0 0 0 0 0 0 0 0 0 0 0 0 0 0 0 0
193.7082 243.9216 1261.351 22.6012 269.6439 69.29758 4.333154 0 1.013099 3.473457 64.70709 17.2831 0.1880674 0.1500884 1.091963 1.083813 0.07212255 0.05364885 0.3445435 0.1149914 0.3794212 0.2668204 2.926879 1.202075 1.016628 3.001753 0.04398968 0.4050545 0.08004547 601.6891 686.5104 4.215168 253.7463 0
];

