food_web_filename = 'Prince_William_Sound_279';
crc = 'crc_bd9c87b6';
n = 48;
l = 45;
b0 = [0.001 0.015 0.6623 0.677 0.015 0.072 0.077 0.293 4 3.41 0.3 0.855 0.002 0.022 0.96 7.48 1.016 0.149 0.072 4.2 3 1 0.045 30 0.367 2.81 0.11 3.1 0.005 0.595 13.406 6.39 49.4 0.108 24.635 51.5 4.47487974 28.35 26.1 12.5 0.136 30 5.326806 10.6723375 125.25 2 19.52 114.48].';
p = [0 0 0.208475507980337 0.0609029317121 0 0 0 0.376212 0 47.10835 0.11998052892 0 0 0 0 0 0.2676 0 0 0 0 11.29530132 0 0 0 0 0 0 0 0 0 0 0 0 0 0 0 0 0 0 0 0 1214.511768 2433.29295 601.2 2.424755442 4.80442390563 4.801803821].';
q = [0.000623933953840629 0.0137673717009615 0.0045052088440657 0.071680133986419 9.81750184658888e-18 0.0020344395556235 0.00254402608567525 0.0194352650109319 0.00231486369686002 9.17426498989515 0.0673628528313026 0.00203080383144856 0.0114341070592026 0.133340715619566 0.00260882257511059 0.182164240830341 0 0 0 0.0701117116922938 0 0 0 0.143022719301027 0.264433339314302 2.60063828623371 0 0 0.0903154539971488 0 0.118900024937054 0 0 0 0 0 0 0 0 0.00300063137220183 0 0 0 0 0 0 0.605661117903011 1082.63234737951].';
r = [0.00484008967163562 0.108448058011744 3.72703700123188 0.729282592573012 0.349921562991392 1.49262751144784 0.161413367083923 1.35541752783957 8.87297319631215 33.0971557390313 0.60145404313663 1.91344367802915 0.0604633542337847 2.66269004319375 1.57781589342689 10.0574506089593 2.72513991331141 1.29183499425445 3.43906685648144 10.0480775641215 27.0028316218135 13.6807641533741 4.20699028923727 90.0142988607864 4.00032406194905 36.1371287057628 1.16643984487614 18.2930052732495 1.80130822423992 7.37808226501193 183.273460438178 80.8079366945045 533.615347078766 0.85317844871902 54.640425662375 515.063768028077 40.2868267911397 374.294090422274 96.5870347837376 165.0347254711 3.67200019455314 179.999999941764 202.418627666666 405.548830833333 100.200001666667 0 0 0].';
F = [
0 0 0 3.05501136022626e-05 0.00359269957688956 0.00233279011645564 0 3.05447459221287e-05 0 9.66586910829496e-05 0 0 0 0 0 0 0 0 0 0 0 0 3.01810282509503e-05 0 0 0 0 0 0 0 0 0 0 0 0 0 0 0 0 0 0 0 0 0 0 0 0 0
0 0 0 0.000658105636928277 0 0 0 0.000657990007225574 0 0.102722162047354 0.000651600273983147 0 0 0 0 0.000653123610842485 0 0 0 0.000650133600467665 0 0 0 0 0 0.0305516197766802 0 0 0 0 0 0 0 0 0 0 0 0 0 0 0 0 0 0 0 0 0 0
0 0 0.0142306850886384 0.117259486077215 0 0 0 0.0468955635180887 0.69940929410437 1.59778177750131 0.162540549341502 0.00940828666689467 0 0 0.0139455212788515 0.232743503756049 0.0192504739536703 0 0 0 0.0926654972639923 0 0 0.417017343619263 0.0231640769577963 0.138985646127275 0 0 0 0 0.115819724291019 0.0463278850663954 0 0 0.324295294435121 0 0 0 0.0926721243219876 0 0 0 0 0 0 0.370675101651896 0 0
0 0 0 0 0 0 0 0 0 0.166325449354466 0.014088579797241 0.047569995724694 0 0 0.0446570221261046 0.440120662095645 0 0 0.0241506795144228 0.0152282737812369 0.00234266666112592 0.00258436364910571 0 0.165166836916106 0.00117121692482974 0 0 0.0281136486613411 0 0.00117122294156948 0.120634625300854 0 0 0 0 0 0 0 0.0281139883850795 0 0 0 0 0 0 0.0234274866194642 0 0
0 0 0.0224236531102361 0 0 0 0 0.0443366983061884 0 0 0.0614686032085636 0 0 0 0 0 0 0 0 0.0219036588596467 0.131413780559492 0.0289943937056994 0 0 0 0.109501612067442 0 0 0 0.00438004839787428 0.0175200036744928 0 0 0 0 0 0 0 0 0 0 0 0 0 0 0 0 0
0 0 0 0 0 0 0.00187199615488328 0.0186214132885991 0 0.27499437653982 0.0184405809625691 0 0 0 0 0.219955935765847 0.0573302025644999 0 0.0189665346243339 0.423178689168374 0.220775151339947 0.107569200648145 0 0 0.101178598219297 0.220755249927964 0 0 0 0.018396203271072 0.1692432354956 0 0 0 0 0 0 0 0 0 0 0 0 0 0 0 0 0
0 0 0.00988668080830217 0 0 0 0.00129287405674016 0 0 0.0368991149734122 0 0 0 0 0 0.0130208748667649 0.00791889784281334 0 0.00838338151431745 0.0594693339543049 0 0.0134565761472479 0 0 0 0.0317629676099739 0 0 0 0 0.0472626099124477 0 0 0 0.0195656996642543 0 0 0 0 0 0 0.00965579999687603 0 0 0 0 0 0
0 0 0 0 0 0 0 0 0 0 0.0131993299944635 0 0 0 0.0905972638733082 0.393125603692221 0 0 0 0 0.15050058207564 0.222062412560301 0 0.0959493016418735 0.00188107112184854 0.0413839292484277 0.00564317924951832 0 0 0.00188108078522954 0.105339422092972 0.10157718918272 0.00752558468118146 0 0.126030997837319 0 0 0 0 0 0 0 0 0 0 0.171200517555208 0 0
0 0 0 0 0 0 0 0 0 0 0 0 0 0 0 3.06914392304615 0.125802854315908 0 0 1.09110526183299 0 0.627968478416048 0 0.484485160949062 0.690921685080168 0.48447203232961 0.121213583879907 0 0 0.181832909184712 4.95763803977177 0 0 0 0.363741693758224 0 0 0 0 0 0 0 0 0 0 0 0 0
0 0 0 0 0 0 0 0 0 0 0 0 0 0 0 0 0 0 0.0457048532233486 0 0 0.0244543659241563 0 0 0.0443302621030408 0.0443306526296778 0 0 0 0.0221652449175533 0.0443300092973896 0 0 0 0 0 0 0 0 0 0 0 0 0 0 0 0 0
0 0 0 0 0 0 0 0 0 0 0 0.0609387976551582 0 0 0.0951446121985866 0.0880127383623667 0 0 0 0.0960391827028355 0.030010367003656 0.0119183728099387 0 0.42977176967251 0.00240059219352117 0.00239821330616142 0.0035972675216024 0.0336136122249232 0 0.00239820449925054 0.00959271401189219 0 0.0335804802035333 0 0 0.0335786372395792 0 0 0.119930051725999 0 0 0 0 0 0 0.0300019089388197 0 0
0 0 0 0 0 0 0 0 0 0 0 0 0 0 0 0.096310977654515 0 0 0 0 0.02590921694113 0.420159987829902 0 0.647765398176934 0.103626612693203 0.132125145127937 0.0259064965547167 0 0 0.111399230919269 0.678750442355199 0 0 0.0025906500204021 0.386006793376157 0 0 0 0 0 0 0 0 0 0 0 0 0
0 0 0 0 0 0 0 0 0 0.0374142008897714 0 0 0 0.00367188457068216 0 0 0 0 0 0.0029204878479529 0 0.00322159930063326 0 0 0 0 0 0 0 0 0 0 0 0.000729999905748954 0.000729999887473265 0 0 0 0.00292051508303318 0 0 0 0 0 0 0 0.0241001428273054 0
0 0 0 0 0 0 0 0 0 0 0 0 0 0 0 0.199739623624629 0 0 0.0853988944843214 0.420846699625125 0.0231948423012616 0.171804360182991 0 0 0.0331321958943818 0 0 0 0 0.364456027100931 1.21594525502176 0 0 0.0331320002609238 0.205418396475038 0 0 0 0.175630575470751 0.0596501511742745 0 0.00331320099892807 0 0 0 0 0.341403283569494 0
0 0 0 0 0 0 0.0313586831424674 0 0 0 0 0.0625812508699189 0 0 0.525649653872437 0 0.0960365037088296 0 0 0.339032633132767 0.154096159121815 0.0339989054959982 0 0.462313438948999 0.0154080911004659 0 0 0.0462315951749965 0 0 0.0154080032315402 0 0.323625825880158 0 0.0616319989424002 0.0154099078403429 0.0616517602509653 0.308221035334664 0.0462321538349745 0.154112427276286 0 0 0 0 0 0 0.0308289747350039 0.308227775557442
0 0 0 0 0 0 0 0 0 0 0 0 0 0 0 0.385432505367116 0 0 0.098677870984112 0 0.938988265956967 0.909934764711734 0 5.26486132845168 0.172622820633852 0 0.0383220349035847 1.97588360878161 0 0.114967370345857 1.14966124111992 0 0 0.038360410302099 6.72551688459071 0 0 0 0 0 0 1.4193349995408 0 0 0 0 0 0
0 0 0 0 0 0 0 0 0 0 0 0 0 0 0.10871385095671 0 0 0 0 0.00699124784117074 0.55227421361929 0 0 1.00673192036555 0.00349506066457504 0 0.00349503953519762 0 0 0.038445864812231 0.108346222723592 0 0.0104869938295893 0.0104851200825733 1.39801597601017 0 0 0 0.164295876401747 0 0 0.0838809599728617 0 0 0 0 0 0
0 0 0 0 0 0 0 0 0 0 0 0 0 0 0 0 0 0 0 0 0 0 0 0 0 0.324824782025084 0 0 0 0.129929435671007 0.357302074937422 0 0 0.00487230003837073 0.807177686148901 0 0 0 0 0 0 0 0 0 0 0 0 0
0 0 0 0 0 0 0 0 0 0 0 0 0 0 0 0 0 0 0 0 0 1.49658733538459 0 0 0.045216267341554 0 0 0 0 0.0452164996251789 0.257731254054306 0.0497375947032845 0 0.00452160003560887 0.737020787352787 0 0 0 0.710016423600179 0 0.00904320006046813 1.30674199957723 0 0 0 0 0 0
0 0 0 0 0 0 0 0 0 0 0 0 0 0 0 0 0 0 0 0.712439008169112 0 0 0 1.9591912194713 0 0 0 1.95920186821559 0 0.0890409938692261 0.0890400286744792 0 0 0 0 0.178102050117359 0 0 12.4677989106364 0 0 0.35615999988477 0 0 0 0 0 0
