food_web_filename = 'Raja_Ampat_401';
crc = 'crc_c38ed488';
n = 98;
l = 96;
b0 = [0.03513385 0.0552103557 0.09661807 0.054 0.366 0.004 0.008 0.008 0.00141257967 0.5 0.178083628 0.0512249134 0.344923 0.288001925 0.2416561 0.049 0.08334206 0.0160143673 0.693 0.541 0.086 0.825 0.033 0.009187323 0.061 0.0437470265 0.041 0.127638057 0.002823157 0.00322060171 0.177 0.03062073 0.243 0.0933008 0.009 0.074136 0.06364866 0.029797 0.0490660369 0.071 0.108360209 5 5.17430639 2.853 2.96280265 0.2590122 0.134959742 0.127 0.135485068 0.192 0.135291666 1 0.8874157 0.413807154 0.614468336 1.5 1.85487628 0.5 2.86676383 0.25 0.499614835 0.526 0.256029934 0.347836584 1.65649724 0.0155439088 0.6 0.5 2 2 0.2373 1 0.971174 0.5 0.286 0.286 0.218782 0.05 0.721981 9.188851 4.57978773 1.4 5.6 27.4224129 0.3 1.5 1 4.5 0.6 0.875129 0.6 0.1 26.1 39.389122 20.1567268 19.136 20 84.2240212426544].';
p = [0 0 0.0232944294710739 0 13.7880822594 0 0 0 0.00229681922892825 0.59059 0 0 0.10216876227635 0.140460371666751 0 0.022214934 0.153520564741333 0 3.680440072155 1.71104963809 0.48869413957 1.4686929015 0.0008283924 0.00102622177414248 0.14813118 0.198984771813611 0.11968392 0.587171892365568 0.0005150734197063 0.005151996555487 0.342041199938736 0.14511169454077 0 0 0 0.01336441665312 0 0 0 0 0 0 0 0.01526355 0 0 0 0 0.0780294099243886 0 0 0.063 0 0 0 0 0 0 0 0 0 0 0 0 0 0 0 0 0 0 0 0 0 0 0 0 0 0 0 0 0 0 0 0 0 0 0 0 0.330247368 1.8146674944 0.8064 0.056976 3417.60000168 483.30452694 332.772054107476 1.5197734656 62.3087399423804 0].';
q = [0 0 0 0 0.00213085381116391 0 0.000200002281848596 0.000200059856076957 1.00013087462746e-05 0.0942093298315161 0.0478802972875878 0.0216048632373263 0.11468458484991 0.0861519097868159 0.0321960741305091 0.0171817031837576 0.0164796272606238 0.00544837308959923 0.608311162069945 0.0514634487713641 0.0952494403423905 0.0874073960300788 0.00623663508384686 0.0026345055272 0.0330201310812133 0.0110018219717163 0.0120026478045055 0.00110004348623695 0 0 0.0242851856876453 0.00242956236019351 0.0593393053194878 0.00591310887959205 0.00343126482579242 0.0544227678218195 0.00725271120875652 0.0120849916858846 0.00536212389630812 0.0626105524654366 0.00694861871997012 0.580345380607137 0.75691215491708 0.393180973393867 0.291665616026679 0.110844400803029 0.0162461178681165 0.0386345927273966 0.00919485354274816 0.069151052752564 0.0184164045062664 0.381371425730364 0.254219270712066 0.190364450510367 0.0897698021420165 0.355600244317881 0.050839991458972 0.177363701618551 0.0488762420471005 0.0100008726904869 0.0100000396047672 0.00122052370574638 0.00100199216118311 0.0861141240428389 0.00848739721055011 0.00723144210313081 0 0 0.695105648004376 0.0815090698216585 0.0302014530723111 2.4511972522499e-05 0.0111422886010722 0.353647674805022 0.0132454046438753 0.0132449421316069 0 0.00695999587299299 0.0132439990180812 0.0283015807723479 0.00480012855292691 0.0267894272775461 0.02939110137623 0 0 0 0 0 0 0.00349755124882748 0 0 0 0 0 0 124.895191235842 1898.64660603585].';
r = [0.134388309607509 0.267729304916812 0.276451636917188 0.474368389224211 18.5896954932497 0.0106294521990029 0.0219762507295237 0.021982576985736 0.0067701584260166 3.52974298794016 1.79464732209657 1.03007339833389 1.82551123049412 2.1841224796994 3.72681691364572 0.329741370293388 0.823175769262474 0.36689073332087 2.29719860864269 1.26953883687088 0.417634692521335 1.31453598026301 0.0759736611580567 0.0468719628839531 0.133061111150252 0.172906734455325 0.0852988170640188 0.396183237670075 0.000322164385207916 0.00322064561914277 0.23592160303882 0.108425648457326 1.06859472296998 0.648731850288184 0.0669239841664439 0.084057941027515 0.153754576541155 0.0894279280581952 0.235889923431807 0.611491495702527 1.76074829081843 14.7669315243426 20.9766084530151 9.14315588202819 15.1874091991882 2.33964564064915 2.73849562514236 0.238973986666735 0.432689063027673 0.941005046800417 1.35546734617816 2.10039352411327 3.5580041991934 1.15893070414198 2.39603344487452 13.5002736144092 34.6181756822412 0.466942969612506 7.76843128949957 2.41741825817799 6.84995836949805 0.45096633773246 0.238119594115809 2.7771659718003 25.1695371490268 0.0672818574312488 0.864020195717176 0.00254049840104137 53.0006754885607 27.5468752447177 1.77647483093353 8.26731439199424 5.6898003294463 5.58405363447356 3.05858861609799 3.87750240227102 2.17773135181754 0.119448720247217 5.05224962542288 18.1948982680412 12.5222088590602 16.5222380911021 26.9205775414377 312.643792041305 3.28242160307249 297.000017528605 145.418621184748 416.915991480791 0.473387130140663 1.98608240220546 0.879880901537535 0.00949599983342296 569.599961078471 80.5507596651641 55.4620077580036 0.253295597266583 0 0].';
