food_web_filename = 'Raja_Ampat_400';
crc = 'crc_9c0f36c6';
n = 98;
l = 96;
b0 = [0.032924 0.051737 0.09054 0.054 0.366 0.043229 0.081666 0.086566 0.001327 0.8 0.09159043 0.01849296 0.5 0.277386069 0.232752219 0.2 0.2962461 0.0569243729 3.18800664 2.5170207 0.09849169 0.82498 0.036 0.008604478 0.08 0.08510925 0.008 0.0497705527 0.003042 0.003018 0.195949838 0.07492121 0.248946682 0.08299743 0.009 0.125 0.07484076 0.084 0.138320878 0.2 0.305273861 7.1 6.8713913 4 2.56994915 0.9 1.05392408 0.237513 0.707089663 0.7 0.3691273 1.4955914 0.7675674 0.3003923 0.7279144 2 1.127654 1.59404731 1.69756675 0.164479434 0.5851326 0.5250018 0.255339026 0.238807827 1.13727117 0.015544 0.6 0.5 1.42588 1.42588 0.23137 1.086313 1.13767 0.438 0.2863351 0.2863351 0.218782 0.05 0.721981 5.97334576 4.579788 2.2 9.817196 35 0.22 1.09526908 0.9243973 1.620918 0.6 0.875129 0.6 0.1 26.1 39.389122 20.1567268 6.147207 20 90.506618602628].';
p = [0 0 0.021829018570864 0 13.7880822594 0 0 0 0.002157668825 0.944944 0 0 0.148103725 0.139804743219496 0 0.0906732 0.550136900339551 0 16.9311217722254 7.96071600332724 0.559678043015642 0.9217996528 0.0009037008 0.00105134547544526 0.1942704 0.37748698339842 0.02335296 0.248318259966545 0.0005550004278 0.0048278946 0.378660552075259 0.313325675751609 0 0 0 0.022533615 0 0 0 0 0 0 0 0.0214 0 0 0 0 0.389769961251232 0 0 0.1675062368 0 0 0 0 0 0 0 0 0 0 0 0 0 0 0 0 0 0 0 0 0 0 0 0 0 0 0 0 0 0 0 0 0 0 0 0 0.330247368 1.8146674944 0.805248 0.056976 3417.60000168 483.30452694 332.772054107476 0.4882087210572 60.4339870045177 0].';
q = [0 0 0 0.00100000014873085 0.0018739764597357 0.00400049445422409 0.000837320414954314 0.000747510229498798 1.0001629172444e-05 0.0506830533063274 0.00570408591523157 0.0037932282721987 0.0338889225365825 0.0286731564919733 0.00241801284400192 0.0233208821120722 0.0119724678576015 2.02209885691179e-05 0.584987772247945 0.049460812970033 0.0386708773130028 0.0437052074622432 0.00318310309733052 0.000382553114091129 0.0308081901286618 0.00495547651401188 0.00686683402213826 0.000548577659652697 0 0 0.0221687668528246 0.00122753296628384 0.0295919263853073 0.00299356205321284 0.00177677363905149 0.0164427379600659 0.00362072492411622 0.00442506293167241 0.00267535217330025 0.0139333143836765 0.00348356665021006 0.15017836914954 0.150036251363491 0.116881586276297 0.00744297346531254 0.0848960379648165 0.00497528992380045 0.0146596476087447 0.00392493865018212 0.0434531485372091 0.0083039958294395 0.134983185834234 0.117924371293121 0.0118978475381977 0.00931895730315405 0.48328388549905 0.0177645702521299 0.0134032674287017 0.00611493395420423 0.00154881644821474 0.000151085397045154 0.000535526196306805 0 0.0430032675322498 0.00419572877982843 0.00358886789736551 0 0 0.304934586569776 0.0357688373065898 0.0240046342803013 0.0200096769168403 0.00723205497235889 0.0983858124564767 0.00974638894046589 0.0097461211500498 0 0.00804954267314295 0.00662505975981567 0.0157472047576264 0.00240043372686461 0.0125482914866543 0.0127097894519616 0 0 0 0 0 0 0.00330739093094945 0 0 0 0 0 0 121.104298901252 2260.88366263341].';
r = [0.125935197309993 0.251004786803683 0.259041569159511 0.412808461397343 18.5895094075786 0.0994389846872336 0.193550139997915 0.20521556783238 0.00636019901731265 5.69844612691285 1.21873281610751 0.553592200381404 2.70066265302164 2.18353823901654 3.72013609934652 1.35480814903108 2.95085624049652 1.31485848828478 11.5242023523169 6.93333822528012 0.478646312871182 0.90757123949232 0.0853231064143958 0.0471407536092452 0.182507893933621 0.326104961782007 0.0160023840379836 0.143666820549563 0.000347137502586766 0.00301803448900598 0.190612508433594 0.22354039402854 1.09461637153809 0.593248252974325 0.0930416310989733 0.166733863038723 0.191383896041284 0.25206906738018 0.664990708229906 1.72250664209853 4.9603731050686 20.6144853754626 28.0654260777744 13.6204589937792 13.5610495111931 8.58108316115687 19.5810734619712 0.440587167529359 2.13342807603416 3.68882680606706 3.8155573373018 7.92799544234438 6.92746445514505 1.00154494641165 3.20434373952244 19.8003596999801 21.9906689125313 2.924531722639 5.93276728654471 0.660903298653208 3.38508870687724 0.450263377380454 0.23746454557439 0.403219242396398 4.70747147991944 0.0672802074543457 0.288005195327559 0.00254063380144131 37.7852414021487 19.638793331905 1.73205567918286 8.98272014989563 6.66507643977299 5.13597481166267 3.06210812546504 3.88199317257783 2.17764970172355 0.113431919113042 5.05225057943314 11.8277111719295 12.5221329057902 29.5315154381502 56.7964340412678 399.027550841392 2.40703353390066 17.6612116797398 160.307665618036 196.776175273576 0.473385164744244 1.9860756601984 0.881309390700634 0.00949600000003051 569.59992206678 80.5507615774106 55.4620172669179 0.0813681256556804 0 0].';
