food_web_filename = 'Ria_Formosa_125';
crc = 'crc_3a6fc8da';
n = 14;
l = 13;
b0 = [0.102 0.135 0.185 0.258 0.038 0.126 0.058 1.738 0.639 6.588 2.682 0.075 0.286 3.01763928210925].';
p = [0 0 0 0 0 0 0 0 0 0 0 0 163.02 0].';
q = [0 0 0 0 0 0 0 0 0 0 0 0 0 1.15988813205039].';
r = [0.358836 0.426599979 0.780329943 0.84314394 0.832884 1.44327962 0.401359975 4.36237955 8.8182 101.916359 12.25674 2.25 27.17 0].';
F = [
0.00550902 0.0100164 0.025041 0.0100164 0.00701148 0.0525861 0.00300492 0.1232017 0.1347206 0.02604264 0.1036697 0 0 0
0.003105 0.003105 0.004347 0.003105 0.002484 0.00621 0.001863 0.063963 0.50922 0.022356 0.001242 0 0 0
0 0 0 0 0 0 0 0.6065151 0.1423797 0.0493284 0.3228768 0 0 0
0 0 0.00120228 0.00120228 0 0.00120228 0 0.5891172 0.01442736 0.00841596 0.5867126 0 0 0
0 0 0 0 0 0 0 0 0 0 0 0.866704 0.162507 0.054169
0 0 0 0 0 0 0 0.2089962 0.2089962 0.1044981 0.1253977 0.7105871 0.6269886 0.1044981
0 0 0 0 0 0 0 0.0522 0.0522 0.0522 0.03654 0 0 0.32886
0 0 0 0 0 0 0 0.65175 0.65175 0.7821 1.5642 0 0 9.3852
0 0 0 0 0 0 0 0.09585 0.09585 0.5751 0.1917 3.834 10.5435 3.834
0 0 0 0 0 0 0 0.9882 0.79056 2.17404 1.9764 0 37.5516 154.1592
0 0 0 0 0 0 0 0 0 0 0 0 20.115 20.115
0 0 0 0 0 0 0 0 0 0 0 0 18 4.5
0 0 0 0 0 0 0 0 0 0 0 0 0 0
0.13337 0.1812786 0.3101797 0.3448123 0.2410005 0.586684 0.1157721 5.292827 7.751696 91.92956 23.06452 14.83871 48.85041 0
];

