food_web_filename = 'Senegambia_133';
crc = 'crc_9e055a78';
n = 18;
l = 16;
b0 = [0.118 0.039 2.54 2.89 0.203 0.112 1.087 4.696 8.594 13.536 13.116 20.636 19.6 93 10.5 82.014 0.001 151.329166018533].';
p = [0 0 0 0 0 0 0 0 0 0 0 0 0 0 189 13600.1191752 2.7517715 0].';
q = [0 0 1.44 0.9 0.13 0.0899999961 0.359999985 3.26 5.03 3.32000017 2.46 0 0 0 0 0 0 6699.97567805721].';
r = [11.12504 0.536835 5.626608 19.652 0.387283385 0.425600052 8.10902 16.9056 125.644279 134.27713 97.16333 3332.46631 392 632.4 31.5 2266.6865292 0 0].';
F = [
0 0 0 0 0 0 0 0 4.1772 4.1772 4.1772 0 0 0 0 0 1.3924 0
0 0 0 0 0 0 0.0673335 0.03366675 0.0673335 0.134667 0.0673335 0.2356672 0 0 0 0 0.0673335 0
0 0 0 0 0 0 0.605663 0 0.605663 1.211326 1.816989 7.267956 0 0 0 0 0.605663 0
0 0 0 0 0 0 0.686375 0 2.7455 5.491 2.7455 15.10025 0 0 0 0 0.686375 0
0 0 0.0713748 0 0 0 0 0.0713748 0.0892185 0.1070622 0.0713748 0.3033429 0 0 0 0 0 0
0 0 0 0 0 0 0 0.09408 0 0 0 0 0.05712 0.252 0.2688 0 0 0
0 0 0 0 0 0 0 0.4705623 0.381537 0.763074 0.635895 7.287357 0 3.179475 0 0 0 0
0 0 0 0 0 0 0.056352 0 0.028176 0.028176 0.14088 3.94464 0.7044 2.8176 10.566 4.36728 0 5.522496
0 0 0 0 0 0 0 0 0 0 0 138.879 0 0 0 34.71976 0 0
0 0 0 0 0 0 0 0 0 0 0 141.1128 0 0 0 47.0376 0 0
0 0 0 0 0 0 0 0 0 0 0 111.5909 0 0 0 27.89773 0 0
0 0 0 0 0 0 0 0 0 0 0 0 0 0 0 5670.876 0 0
0 0 0 0 0 0 0 0 0 0 0 0 0 29.4 29.4 0 0 529.2
0 0 0 0 0 0 0 0 0 0 0 0 74.4 65.1 46.5 0 0 744
0 0 0 0 0 0 0 0 0 0 0 0 0 0 0 0 0 0
0 0 0 0 0 0 0 0 0 0 0 0 0 0 0 0 0 0
0 0 0 0 0 0 0 0 0 0 0 0 0 0 0 0 0 0
2.79896 0.1365 4.975277 6.903 0.1964646 0.1564 2.833156 7.340716 34.82989 38.64077 30.21016 1912.688 120.8385 196.8509 70.7652 5548.535 0 0
];

