food_web_filename = 'Sierra_Leone_137';
crc = 'crc_4fad623f';
n = 44;
l = 43;
b0 = [0.0309011377 0.0618033148 0.0439891554 0.005 0.0271423385 0.0143530043 0.0108011262 0.0506552421 0.02882205 0.0192365739 0.06098222 0.03274934 0.215225533 1.02108824 0.691370368 0.5979112 0.699774742 0.0007446276 0.0111766458 0.009736506 0.09736377 0.002967632 0.08534131 0.0321713239 0.0141191585 0.02597934 0.0131807514 0.0412274636 0.0757207349 0.0966873243 0.120372474 0.01905401 0.154442012 0.0512142926 0.08022744 0.0627373159 3.566614 0.6106719 2.94122267 9.718622 1.92592883 4.027781 24 153.312469].';
p = [0 0 0 0.0674672654716 0 0 0 0 0 0 0 0 0 0.000874433114115288 0 0 0 0 0 0 0 0 0 0 0 0 0 0 0 0 0.00251830300709131 0 0 0 0 0 0 0 0 0 0 0 5673.6 0].';
q = [0 0 0 0 0 2e-06 0.000438 0.002054 0.021474 0.0120349992 0.008822 0.017899 0.00028 0.122977 0.184924 0.118917 0.14712 0.000231999991 0.0149620008 0 0.048054 0 0.000685 0.00283800019 0.000602000044 0.001028 0.00272799982 0.0059 0.008702 0.000877 0.017974 0 1.3e-05 9.6e-05 0 0 0 0.022592 0.007104 3.9e-05 0 0 0 3956.26276257975].';
r = [0.119278386 0.715064347 0.116571262 0.345565021 0.0914154 0.04506843 0.0642883 0.2939017 0.0832957253 0.07444553 0.2627114 0.2137877 2.12513685 8.597563 4.72067738 5.942041 5.412058 0.00320413243 0.05829738 0.05565387 0.4977236 0.0158115439 0.587660253 0.185499847 0.10103669 0.2579229 0.0707542747 0.2946939 0.635599852 0.741591752 0.8787191 0.07754982 0.4349087 0.18406418 0.277586937 0.200759411 15.1224422 3.35869551 30.88284 145.779343 57.7778625 483.33374 945.6 0].';
F = [
0 0 0 0 0 0 0 0 0 0 0 0 0 0.004885146 0.004885146 0 0.004885146 0 0 0 0 0 0 0 0 0 0 0 0 0 0 0 0.003305176 0 0.003305176 0.003305176 0.006567516 0.005717321 0 0 0.1130147 0 0 0
0 0.0003460804 0.0003460804 0 0 0 0 0 0 0 0 0 0 0.01259224 0.01259224 0.01259224 0.01259224 0 0 0 0 0 0 0 0 0.004497227 0 0.004497227 0.008994455 0 0.009893901 0 0.03148059 0 0 0 0.06296119 0.6790814 0 0.04677117 0 0 0 0
0 0 0 0 0 0 0 0 0 0 0 0 0 0 0 0 0 0 0 0 0 0 0 0 0 0 0 0 0 0 0 0 0 0 0 0 0 0 0 0 0.0153962 0 0.1385658 0
0 0 0 0 0 0 0 0 0 0 0.007784684 0 0 0.03373363 0.02119164 0.03589604 0.01600185 0 0 0 0 0 0 0.01037958 0 0.004757307 0 0.002162412 0.0004324825 0 0.004757307 0 0 0 0 0 0 0.02292157 0.04151832 0.1500714 0.01297447 0 0 0
0.0001212974 0.001455569 0 0 0 0 0.0007277845 0.0003638923 0 0 0.01164455 0 0.003638922 0.01225104 0 0 0.003153733 0 0 0 0.0007277845 0 0 0 0 0 0 0.001091677 0 0 0.004973195 0.0007277845 0.007277845 0.0007277845 0 0 0.004730599 0.0329929 0.01358531 0.01795202 0.002304651 0 0 0.0006064871
6.4898e-05 0.001233062 0.000389388 9.929463e-06 0.00032449 6.4898e-05 0.001882042 0.001362858 0.001038368 0.000713878 0.004477962 6.4898e-05 0.00064898 0.004153472 0.002076736 5.078867e-06 0.000908572 6.4898e-05 6.4898e-05 0.001362858 6.4898e-05 0.000194694 0.003115104 0.000194694 0.00064898 0.000194694 0.001362858 0.002531022 0.001038368 0 0.005581228 0.003699186 0.000194694 0 0 6.4898e-05 0 0.00778776 0.004672656 0.006230208 0.00064898 0 0.000194694 0.005256738
0 0 0 0 0 0 0 0 0 0 0 0 0.001467117 0.008507956 0.004343817 0 0.007316407 0 0 0 0 0 0 0 0 0 0 0 0 0 0.0007890377 0.00214438 0.01083957 0.0009589 0.0009589 0.007928732 0.01207781 0.01889992 0.005321895 0.000115068 0.004631487 0 0 0
0 0 0 0 0 0 0 0 0 0 0 0 0 0.07340391 0 0 0.0462323 0.0004055465 0.0004055465 0 0.0004055465 0 0.0004055465 0.01378858 0.00689429 0 0 0.006083197 0.009733116 0 0.006083197 0 0 0.02676607 0 0 0.05353213 0.02676607 0.05353213 0.05353213 0.02676607 0 0 0
0 0 0 0 0 0 0.0001568609 0 0 0 2.384748e-05 0 0 0.02619578 0.03623488 0 0 0 0 0 0.0004705828 0 0.001568609 0 0 0 0 0.01098027 0 0 0.004548967 0 0 0.0001568609 0 0.003450941 0.01333318 0.03215649 0.0003137219 0.002666636 0.005960715 0.001568609 0 0
0 0 0 0 0 0 0 0 0 0 0 0.001269614 0.00914122 0.0398253 0.0119659 0.002539228 0.00453281 0 0 0 0 0 0 0 0 0.001739659 0 0 0.002793151 0 0.014791 0 0 0 0 0 0 0.02458819 0.002285305 0.003470278 0.003427957 0.00454945 0 4.232042e-05
0 0 0 0 0 0 0 0 0.004594769 0.01301851 0.006509256 0.01186982 0.005743461 0.08308873 0.02488833 0.04288451 0.00727505 0 0 0 0.0003828974 0 0.0003828974 0 0 0.003828974 0 0.003828974 0 0 0.004977666 0 0 0 0 0 0 0.07121892 0.08308873 0.001148692 0 0.01301851 0 0
0 0 0 0 0 0 0 0.002506037 0 0 0.001253018 0.001253018 0 0.1672779 0.004385564 0 0.0613979 0 0 0 0.0003132546 0 0.0003132546 0 0 0 0 0.004385564 0 0 0.004385564 0 0 0 0 0 0 0.04260262 0.01472296 0.001566273 0.0009397637 0.0009397637 0 0.001566273
0 0 0 0 0 0 0 0 0 0 0 0 0 0.2525313 0.2525313 0.2525313 0.2525313 0 0 0 0 0 0 0 0 0 0 0 0 0 0 0 0 0 0 0 0 0 1.010125 0 0 1.010125 0 0
0 0 0 0 0 0 0 0 0 0 0 0 0 0.6625829 0 0 0 0 0 0 0 0 0 0 0 0 0 0 0 0 0 0 0 0 0 0 0 0.06010972 3.576728 1.663988 2.917294 2.108749 2.849959 0.0975694
0 0 0 0 0 0 0 0 0 0 0 0 0 0.2886402 0 0 0.06955186 0 0 0 0 0 0 0 0 0 0 0 0 0 0 0 0 0 0 0 0 0 0 0.2955954 0 5.04251 1.050233 0.2086556
0 0 0 0 0 0 0 0 0 0 0 0 0 0 0 0 0 0 0 0 0 0 0 0 0 0 0 0 0 0 0 0 0 0 0 0 0 0 0 0.807778 0 3.231112 4.03889 0
0 0 0 0 0 0 0 0 0 0 0 0 0 0 0 0 0 0 0 0 0 0 0 0 0 0 0 0 0 0 0 0 0 0 0 0 0 0 0.2901556 0 0.2106836 2.789799 1.055488 3.932209
0 0 0 0 0 0 0 0 0 0 0 0 0 0.0003545647 0 0.0003545647 0.0003545647 0 0 0 0 0 0 0 0.0003545647 6.401863e-05 0.0003545647 5.909412e-05 5.416961e-05 0.0003545647 5.909412e-05 0 0 0 0 0 0 0.0006106392 0.001955031 0 0 0 0 0
0 0 0 0 0 0 0 0 0 0 3.785349e-05 0 0 0.00253727 0 0 0.01108881 0 0.0002819189 9.397296e-05 9.397296e-05 0 7.570689e-06 0 0 0 0.001315622 0.0007517837 0.001503567 0.001033703 0.001879459 0 0 0 0 0 0 0.001691513 0.07085562 0 0 0 0 0.0003758919
0 0 0 0 0 0 0 0 0 0 0 0 0.006791213 0 0 0.006791213 0 0 0 0 0 0 0 0 0.006791213 0.006791213 0 0 0.006791213 0.003395607 0.003395607 0 0 0 0 0 0 0 0.04074728 0 0 0 0 0
0 0 0.005532986 0 0 6.909317e-05 0 0 0 0 0 0 0.02420681 0.09129427 0.008991103 0 0.002766493 0 0 0.007607856 0.0006916233 0 0.00414974 0 0 0.002766493 0.002766493 0.006916233 0.005532986 0.002766493 0.007607856 0.0006916233 0.006224609 0 0 0.0006916233 0.03596441 0.05463824 0.1846634 0.2178613 0.01314084 0.0006916233 0.00207487 0
0 0 0 0 0 0 0 0 0 0 0 0 0 0 0 0 0 0 0 0 0 0 0 0 0 0 0 0 0 0 0 0 0 0 0 0 0 0 0.003813407 0.01048687 0 0.004576089 0 0.004004077
0 0 0 0 0 0 0 0 0 0 0 0 0 0.04566789 0 0 0 0 0 0 0 0 0 0 0 0 0.006765613 0.008457015 0.01437693 0.006765613 0.01183982 0 0 0 0 0 0 0.005919911 0.4828956 0.2232652 0.03636517 0 0 0
0 0 0 0 0 0 0 0 0 0 0 0 0 0 0 0.007746803 0 0 0 0 0 0 0 0 0 0 0.007746803 0.002671311 0.007746803 0.007746803 0.007746803 0 0 0 0 0 0 0 0.1357026 0.09055745 0 0 0 0
0 0 0 0 0 0 0 0 0 0 0 0 0 0 0 0 0 0 0 0 0 0 0 0 0 0 0 0 0 0 0 0 0 0 0 0 0 0 0.04531914 0.04531914 0.02440261 0.01045826 0.01045826 0.01045826
0 0 0 0 0 0 0 0 0 0 0 0 0 0 0 0 0 0 0 0 0 0 0 0 0 0 0 0 0 0 0 0 0 0 0 0 0 0 0.0003050672 0.004845483 0.03813339 0.0383025 0.1733804 0.1012099
0 0 0 0 0 0 0 0 0 0 0 0 0 0 0 0.005101517 0 0 0 0 0 0 0 0 0 0 0 0 0 0 0.001186399 0 0 0 0 0 0 0 0.09194595 0.02052471 0 0 0 0
0 0 0 0 0 0 0 0 0 0 0 0 0 0.002267884 0 0 0.002267884 0 0 0 0 0 0 0 0 0 0 0 4.998603e-05 0 0.0004535768 0 0 0 0 0 0 0.02948249 0.06531506 0.2834855 0.0254003 0.011793 0.02403957 0.003175037
0 0 0 0 0 0 0 0 0 0 0 0 0 0 0 0 0 0 0 0 0 0 0 0 0 0 0 0 0.01011353 0 0.0009194119 0 0 0 0 0 0 0.06343942 0.3631677 0.3999442 0.03034059 0 0 0.05056766
0 0 0 0 0 0 0 0 0 0 0 0 0 0.2244347 0 0 0.2244347 0 0 0 0 0 0 0 0 0 0 0 0.01133509 0 0 0 0 0 0 0 0 0 0.6710372 0 0 0 0 0
0 0 0 0 0 0 0 0 0 0 0 0 0 0.008814061 0 0.008814061 0 0 0 0 0 0 0 0 0 0 0 0 0.005036606 0 0.001259152 0 0 0 0 0 0 0 0.07428994 0.7819331 0.05414352 0.09695466 0.2165741 0.007554909
0 0 0 0 0 0 0 0 0 0 0 0 0 0.007352792 0 0 0.007352792 0 0 0 0.0005929671 0 0 0 0 0 0 0 0 0 0 0 0.01695886 0 0 0.01363824 0.01470558 0.01648449 0.01921214 0.00415077 0.01233372 0.001541715 0 0
