food_web_filename = 'Sierra_Leone_136';
crc = 'crc_fcc430e4';
n = 44;
l = 43;
b0 = [0.0309011377 0.0618033148 0.02107547 0.005 0.005453048 0.00202808343 0.00304262713 0.0721128657 0.00668127369 0.0204196628 0.059148144 0.102236673 0.179846182 1.0963105 0.562963247 0.6034466 1.04942811 0.007633793 0.0720103 0.01309155 0.0462 0.001321735 0.477443069 0.04250149 0.0319620371 0.150383368 0.0677826554 0.175007984 0.108655423 0.05171534 0.366693348 0.003013652 0.08941326 0.0609405972 0.0901952758 0.0404323 3.566614 0.654900134 3.84759068 12.7396727 2.23737836 4.71480036 24 153.312469].';
p = [0 0 0 0.0639961761194814 0 0 0 0 0 0 0 0 0 0.00149723674899142 0 0 0 0 0 0 0 0 0 0 0 0 0 0 0 0 0.00766308032513231 0 0 0 0 0 0 0 0 0 0 0 5673.6 0].';
q = [0 0 0 0 0 0 0.000702 0.019845 0.00134 0.004536 0.017716 0.052892 0 0.038192 0.00459 0.116616 0.194605008 5.4e-05 0.0523250028 0.00495299976 0.00523000024 7e-06 0.025129 0.010218 0.003365 0.006316 0.004778 0.040243 0.009138 0.009659 0.093727 0 0 0 0 0 0 0.004703 0.001698 0.000156 0 0 0 3796.75979053323].';
r = [0.119363412 0.7152239 0.0558499955 0.345547527 0.0183865484 0.00673190644 0.0182289444 0.4320416 0.0193238072 0.0908531547 0.254760623 0.701335132 1.77508163 9.135939 3.929992 6.00181 8.637191 0.0328329951 0.397351533 0.07773739 0.236545876 0.00674031954 3.42275858 0.243311137 0.239182562 1.56725562 0.415898919 1.38607693 0.9069686 0.403379619 2.67686129 0.0122652641 0.2516405 0.218960211 0.312075645 0.129383355 17.4016171 3.60195065 40.3997 191.0951 67.12135 565.776062 945.6 0].';
F = [
0 0 0 0 0 0 0 0 0 0 0 0 0 0.004888611 0.004888611 0 0.004888611 0 0 0 0 0 0 0 0 0 0 0 0 0 0 0 0.00330752 0 0.00330752 0.00330752 0.006572173 0.005721375 0 0 0.1130949 0 0 0
0 0.000359811 0.000359811 0 0 0 0 0 0 0 0 0 0 0.01268334 0.01268334 0.01268334 0.01268334 0 0 0 0 0 0 0 0 0.03058394 0 0.004767496 0.004587591 0 0.009175182 0 0.03058394 0 0 0 0.06161764 0.6598035 0 0.04686539 0 0 0 0
0 0 0 0 0 0 0 0 0 0 0 0 0 0 0 0 0 0 0 0 0 0 0 0 0 0 0 0 0 0 0 0 0 0 0 0 0 0 0 0 0.007376415 0 0.06638773 0
0 0 0 0 0 0 0 0 0 0 0.007475472 0 0 0.03219206 0.02017945 0.03465508 0.01525342 0 0 0 0 0 0 0.009852067 0 0.01737075 0 0.004882823 0.004796401 0 0.00470998 0 0 0 0 0 0 0.02212394 0.03940827 0.1428118 0.01231508 0 0 0
0.0001461079 0.0002922158 0 0 0 0 0.0001582836 7.792422e-05 0 0 0.002330421 0 0.0007305395 0.002427826 0 0 0.0006233937 0 0 0 0.0001558484 0 0 0 0 0 0 0.0002142916 0 0 0.001005709 0.0001558484 0.001456209 0.0001558484 0 0 0.0009497013 0.006594337 0.002705431 0.003582079 0.0004699804 0 0 0.0001144512
8.586555e-05 0.0001717311 5.663473e-05 1.826927e-06 4.658663e-05 0.0001854331 0.0002667313 0.0001945677 0.0001406734 0.0001114425 0.0006385108 5.48078e-06 0.000100481 0.0005928377 0.000287741 9.134634e-07 0.000136106 6.394243e-06 1.461541e-05 0.0001936542 0.0002585101 3.288468e-05 0.000435722 2.74039e-05 9.774058e-05 2.74039e-05 0.0001936542 9.774058e-05 0.0001443272 0 0.0004722605 0.0005279818 3.105776e-05 0 0 1.096156e-05 0 0.001110771 0.0006659148 0.0008869729 9.956751e-05 0 2.649044e-05 0.000747213
0 0 0 0 0 0 0 0 0 0 0 0 0.0004132274 0.002396346 0.001223477 0 0.002060735 0 0 0 0 0 0 0 0 0 0 0 0 0 0.0002222399 0.0006039849 0.003053068 0.0002700833 0.0002700833 0.002233203 0.00340183 0.005323341 0.001498962 3.240998e-05 0.001304502 0 0 0
0 0 0 0 0 0 0 0 0 0 0 0 0 0.09204371 0 0 0.05834811 0 0.02626529 0 0.005817531 0 0.03715156 0.01745259 0.008755096 0 0 0.00754551 0.01244145 0 0.00754551 0 0 0.0336956 0 0 0.06721841 0.0336956 0.06721841 0.06721841 0.0336956 0 0 0
0 0 0 0 0 0 2.918347e-05 0 0 0 6.485216e-06 0 0 0.005885333 0.008129218 0 0 0 0 0 9.403563e-05 0 0.004189449 0 0 0 0 0.0003502017 0 0 0.0003242608 0 0 3.566869e-05 0 0.0007749833 0.003002655 0.007240743 6.160955e-05 0.0006096103 0.001339197 0.0003502017 0 0
0 0 0 0 0 0 0 0 0 0 0 0.001441989 0.01043084 0.04544287 0.01365173 0.002897455 0.005161512 0 0 0 0 0 0 0 0 0.001994527 0 0 0.003193938 0 0.006765219 0 0 0 0 0 0 0.02807162 0.002614447 0.003948624 0.003908194 0.005188465 0 4.04296e-05
0 0 0 0 0 0 0 0 0.004803064 0.01145346 0.006650396 0.01034506 0.005911464 0.07611009 0.02253745 0.04027184 0.007019863 0 0 0 0.003694665 0 0.008867195 0 0 0.008497729 0 0.003694665 0 0 0.004803064 0 0 0 0 0 0 0.06539556 0.07647956 0.001477866 0 0.01219239 0 0
0 0 0 0 0 0 0 0.0072854 0 0 0.004274101 0.004274101 0 0.4961843 0.01301658 0 0.1822321 0 0 0 0.0009713868 0 0.01194806 0 0 0 0 0.01291944 0 0 0.04924931 0 0 0 0 0 0 0.1257946 0.04400382 0.005148349 0.00291416 0.002525605 0 0.004662656
0 0 0 0 0 0 0 0 0 0 0 0 0 0.2109446 0.2109446 0.2109446 0.2109446 0 0 0 0 0 0 0 0 0 0 0 0 0 0 0 0 0 0 0 0 0 0.8437784 0 0 0.8437784 0 0
0 0 0 0 0 0 0 0 0 0 0 0 0 0.7111875 0 0 0 0 0 0 0 0 0 0 0 0 0 0 0 0 0 0 0 0 0 0 0 0.06438119 3.838915 1.786203 3.130722 2.263822 3.058855 0.1048066
0 0 0 0 0 0 0 0 0 0 0 0 0 0.2351163 0 0 0.05665453 0 0 0 0 0 0 0 0 0 0 0 0 0 0 0 0 0 0 0 0 0 0 0.2407818 0 4.107454 0.8554835 0.1699636
0 0 0 0 0 0 0 0 0 0 0 0 0 0 0 0 0 0 0 0 0 0 0 0 0 0 0 0 0 0 0 0 0 0 0 0 0 0 0 0.8150968 0 3.260387 4.075484 0
0 0 0 0 0 0 0 0 0 0 0 0 0 0 0 0 0 0 0 0 0 0 0 0 0 0 0 0 0 0 0 0 0 0 0 0 0 0 0.43497 0 0.3158341 4.182165 1.582273 5.894743
0 0 0 0 0 0 0 0 0 0 0 0 0 0.00324289 0 0.00324289 0.00324289 0 0 0 0 0 0 0 0.00324289 0.00324289 0.00324289 0.00324289 0.0005606865 0.00324289 0.0005303791 0 0 0 0 0 0 0.00558666 0.01789146 0 0 0 0 0
0 0 0 0 0 0 0 0 0 0 0.0002421304 0 0 0.01604114 0 0 0.07124686 0 0.002118641 0.000605326 0.003389825 0 6.053259e-05 0 0 0 0.008232432 0.004721542 0.00956415 0.006719118 0.01198545 0 0 0 0 0 0 0.01071427 0.4547208 0 0 0 0 0.002542369
0 0 0 0 0 0 0 0 0 0 0 0 0.00913406 0 0 0.00913406 0 0 0 0 0 0 0 0 0.00913406 0.00913406 0 0 0.00913406 0.00456703 0.00456703 0 0 0 0 0 0 0 0.05480436 0 0 0 0 0
0 0 0.002586809 0 0 0.0003601886 0 0 0 0 0 0 0.01103487 0.04102876 0.004453241 0 0.001309777 0 0 0.00370012 0.003274442 0 0.01483322 0 0 0.00140801 0.001506243 0.003372675 0.002685043 0.001506243 0.00363463 0.0003274442 0.003143464 0 0 0.0001964665 0.01607751 0.02475478 0.08195928 0.09711995 0.005730274 0.0004584219 0.0009495881 0
0 0 0 0 0 0 0 0 0 0 0 0 0 0 0 0 0 0 0 0 0 0 0 0 0 0 0 0 0 0 0 0 0 0 0 0 0 0 0.00169887 0.004671893 0 0.002038644 0 0.001783814
0 0 0 0 0 0 0 0 0 0 0 0 0 0.2599989 0 0 0 0 0 0 0 0 0 0 0 0 0.04112709 0.03214531 0.03214531 0.04112709 0.04727252 0 0 0 0 0 0 0.03498167 2.746061 1.267849 0.2075264 0 0 0
0 0 0 0 0 0 0 0 0 0 0 0 0 0 0 0.009820748 0 0 0 0 0 0 0 0 0 0 0.009820748 0.009820748 0.009820748 0.009820748 0.009820748 0 0 0 0 0 0 0 0.1767735 0.117849 0 0 0 0
0 0 0 0 0 0 0 0 0 0 0 0 0 0 0 0 0 0 0 0 0 0 0 0 0 0 0 0 0 0 0 0 0 0 0 0 0 0 0.1025576 0.1025576 0.0552233 0.02366713 0.02366713 0.02366713
0 0 0 0 0 0 0 0 0 0 0 0 0 0 0 0 0 0 0 0 0 0 0 0 0 0 0 0 0 0 0 0 0 0 0 0 0 0 0.001854914 0.02802981 0.2207347 0.2217653 1.003921 0.5861527
0 0 0 0 0 0 0 0 0 0 0 0 0 0 0 0.02631134 0 0 0 0 0 0 0 0 0 0 0 0 0 0 0.006287861 0 0 0 0 0 0 0 0.4728105 0.1051233 0 0 0 0
0 0 0 0 0 0 0 0 0 0 0 0 0 0.00885997 0 0 0.00885997 0 0 0 0 0 0 0 0 0 0 0 0.000192608 0 0.00192608 0 0 0 0 0 0 0.1244248 0.278126 1.203993 0.1072827 0.05104112 0.1028527 0.01348256
0 0 0 0 0 0 0 0 0 0 0 0 0 0 0 0 0 0 0 0 0 0 0 0 0 0 0 0 0.01906922 0 0.01324252 0 0 0 0 0 0 0.07932267 0.4585884 0.5061289 0.03747632 0 0 0.2045969
0 0 0 0 0 0 0 0 0 0 0 0 0 0.1008416 0 0 0.1008416 0 0 0 0 0 0 0 0 0 0 0 0.006050493 0 0 0 0 0 0 0 0 0 0.3973359 0 0 0 0 0
0 0 0 0 0 0 0 0 0 0 0 0 0 0.02643763 0 0.02643763 0 0 0 0 0 0 0 0 0 0 0 0 0.01685878 0 0.02643763 0 0 0 0 0 0 0 0.2249339 2.360612 0.1655225 0.2969444 0.6563427 0.02375555
0 0 0 0 0 0 0 0 0 0 0 0 0 0.001118301 0 0 0.001118301 0 0 0 0.0007473439 0 0 0 0 0 0 0 0 0 0 0 0.002594894 0 0 0.002077363 0.002240222 0.002511654 0.002935089 0.0006405805 0.001880122 0.0002316223 0 0
0 0 0 0 0 0 0 0 0 0 0 0 0 0 0 0 0 0 0 0 0 0 0 0 0 0 0 0 0 0 0 0 0 0 0 0 0 0.0004192494 0.05352377 0.1471398 0.1506057 0.0209807 0 0
