food_web_filename = 'Somme_Estuary_Rybarczyk_1993';
crc = 'crc_6ccde68e';
n = 9;
l = 8;
b0 = [3.703 6.77 0.037 12.831 3.19 0.782 0.082 0.043 191.88].';
p = [312.554 286 0 0 0 0 0 0 277.5].';
q = [0 0 0 0 0 0 0 0 639.63563046751].';
r = [0 0 11.1318866892547 17.1545343824052 9.32854752950381 0.627029654662821 0.250995992673027 0.0999122531945501 197.825463030796].';
F = [
0 0 0 0 0 0 0 0 0
0 0 0 0 0 0 0 0 0
22.7529272032122 0 0 0 0 0 0 0 5.68778330065847
3.18098982259123 4.7704495635119 0 0 0 0 0 0 151.070244361863
0 3.55259008575934 0 0 0 0 0 0 118.94546828645
0 0 0 3.05791700037278 8.06260893240317 0 0 0 0
0 0 0 0.0859976658051206 0.265987098600923 0.152007189009169 0 0 0
0 0 0.00999989821169123 0.174995250184838 0.635969153045816 0.340016080678404 0 0 0
286.620082974197 277.676960350729 17.2988239164047 138.548239449198 104.204945658655 10.0014730084256 0.252995960742135 1.06106812892612 0
];

