food_web_filename = 'Sonda_de_Campeche_240';
crc = 'crc_80e2fa93';
n = 19;
l = 18;
b0 = [4.003198 1.37244511 0.761431456 0.913628757 0.664021432 0.921259642 0.0804258958 0.418581456 0.381378382 0.196394593 0.07923221 0.5268811 0.110946141 3.30516243 2.46846414 35.82318 5.346848 43.38179 2.5].';
p = [0 0 0 0 0 0 0 0 0 0 0 0 0 0 0 0 0 6108.9924329112 0].';
q = [0.003 0.007 0.038 0 0.008 0.011 0.019 0.014 0.001 0.001 0.046 0.12 0 0.043 0 0 0 0 3796.91770879252].';
r = [26.7409439 9.470799 4.50342369 6.466167 4.65512943 15.0968094 0.230175942 1.89668524 1.18188345 1.22611928 0.394941539 3.27448726 3.161152 81.4251251 10.465579 735.016663 388.392334 1018.1654054852 0].';
F = [
0 0 0 0 0 0 0 0 0 0 0 0 0 8.761398 0.6450109 0 45.41952 0 0
7.509538 0 0.2448762 0 0 0.3809186 0 0 0 0 0 0 0 0.1360424 0.4217313 1.197173 3.11537 0 0
4.291995 0.2115292 0 0 0.06141169 0.2592938 0 0 0 0 0 0 0.06823521 1.269175 0.3411761 0.2797644 0.06823521 0 0
0 0 0 0 0 0 0 0 0 0 0 0 0 1.403715 0.08507365 5.674412 0 0 1.242075
0.6339578 0 0 0.0615493 0.03077465 0 0 0 0 0 0 0 0 1.73569 0.4616198 2.012662 0.0615493 0 1.169437
0 0 0 0 0 0 0 0 0 0 0 0 0 4.41321 0.4263971 1.215232 11.3848 0 4.093412
0.007259921 0.003457105 0 0.02765684 0.01071703 0.01071703 0 0.01279129 0.04632521 0.01417413 0 0.0100256 0.01590268 0.09368756 0.04217668 0.04943661 0 0 0
0.05603641 0 0 0 0 0 0 0 0 0 0 0 0 0.4174713 0.4174713 1.00025 0.9302044 0 0
0.05338734 0.2979358 0.06716471 0.01894389 0.01722172 0.3341014 0.01722172 0.07577557 0 0.01722172 0 0 0.01722172 0.3547674 0.4374317 0 0 0 0
0 0 0 0 0 0 0 0 0 0 0 0 0 0.3712294 0.4612244 0.4081917 0.3680153 0 0.03053402
0.1471722 0.0127472 0.1060335 0.01100894 0.03650333 0.0515682 0.00579418 0.005214762 0.03012973 0 0 0.01158836 0.02607381 0.03997984 0.09965989 0 0 0 0
1.444207 0 0 0.08023371 0.04222827 0.04222827 0 0.1689131 0.09290219 0.04222827 0 0 0 0.2660381 0.7052121 1.406201 0 0 0
2.242328 0.2137546 0.2850061 0 0.04191266 0.7795756 0 0.04191266 0 0 0 0 0.04191266 0.314345 0.04191266 0 0.1760332 0 0
0 0 0 0 0 0 0 0 0 0 0 0 0 0 0 20.84236 19.63216 0 94.7991
0 0 0 0 0 0 0 0 0 0 0 0 0 4.272012 0.3866074 8.466703 1.991028 0 4.330004
0 0 0 0 0 0 0 0 0 0 0 0 0 0 0 0 0 0 1158.838
0 0 0 0 0 0 0 0 0 0 0 0 0 0 0 0 28.4137 447.3647 155.3685
0 0 0 0 0 0 0 0 0 0 0 0 0 0 0 0 0 0 0
11.6961 2.788426 1.606311 1.739718 1.263342 4.566841 0.07213585 0.6061407 0.356154 0.3384516 0.1425323 0.8742908 0.8481944 29.95674 4.008072 381.269 131.194 4643.462 0
];

