food_web_filename = 'Sonda_de_Campeche_291';
crc = 'crc_fb44f49f';
n = 25;
l = 24;
b0 = [0.015594162 0.08 0.00115285721 0.39 0.771196663 0.11 0.08 1.33766639 0.5 3.00559 0.9372898 0.2 0.42 5.05025959 0.7 0.287130564 0.9 0.9 4.992474 2.1963613 6.9480834 37.4 45.5 0.0392561331 4].';
p = [0 0 0 0 0 0 0 0 0 0 0 0 0 0 0 0 0 0 0 0 0 0 5601.96 0.4823793635328 0].';
q = [0 0.0383300649524987 0 0.0523902639071439 0.19567928368644 8.33519319101491e-05 0.011981562077925 0.102946284420227 0.00821368681686856 0.527931388657678 0 0.0181815563157988 0.0570794248660135 2.02548312543583 0.042920029653517 0 0 0.12453388471246 0 2.10171920936267 0 0 0 0 3803.67755288175].';
r = [0.283941571633914 0.312537471117521 0.0498854234970973 0.868368624260911 3.67207504048161 1.7878989394727 0.144283240587953 8.37722386869637 2.1013349936761 3.04655067564939 6.64562126862991 0.789599069090568 1.32424265689151 29.5757740916066 3.13745416767209 0.573059604943477 3.47914002283197 9.39374752522086 13.896452981492 17.9409391342425 453.385791860889 298.93101791134 933.660016666666 0.0803965544125414 0].';
F = [
0 0 0 0.0107987018769078 0.0340837519179472 0 0 0.0224142028256769 0.0125094518668298 0.1160880062328 0.0295762863328039 0.00339343748850425 0 0.0506646775450919 0.0320320029538191 0 0 0.0203310439832376 0.00341623946039333 0.0103474602374875 0.010600991035789 0 0 0 0
0.000425380637535812 0 0.000459695050738477 0.0193346682556661 0.0767357452438864 0.0233784331694539 0.00353744269397189 0.00909003681030757 0.00725258963294874 0 0.0321039900238486 0 0.00381179796840051 0.121854297728991 0.0202546609768348 0.0136236850333203 0.00586827084263899 0.0392952196146069 0.0597296762777353 0.0232052078937258 0 0 0 0 0
0 0 0 0.00113407136243061 0.00536533598671095 0 0.00311232110623385 0.00705671815226685 0.00523586325905986 0.00241256139055297 0 0.00257332657315659 0.00335370500558743 0.0181098182051766 0.00504353820287431 0 0 0.00320118631505665 0.00389590504606452 0.00395157259211373 0.00365704368183587 0 0 0 0
0 0 0 0 0.0629591735684402 0.0134714725984094 0.0101919959659661 0.300414587229434 0 0 0.122187691383843 0.00816259022773898 0.0402690314004201 0.0521881226617675 0.0341334841028787 0 0.00795648018995754 0.097841369696869 0.276629804873832 0.210280129450989 0 0 0 0 0
0 0 0 0 0 0.0260044774602491 0 0.198058528173216 0 0 0.396779568966824 0 0 4.31902573285053 0.0153032775959161 0 0 0.0437091674908841 0.207822593364435 0.15362186290675 0.0605238181817218 0.17529298792335 0 0 0
0 0 0 0 0 0 0 0 0 0 0 0 0.0236247594466957 1.91052374839479 0 0 0 0.115755335511722 0.0763129726308725 0.168598593894427 0.134893430306083 0 0 0 0
0 0 0 0.0120938788156175 0 0.0129028790596911 0 0.00265601413804186 0.00635739359625626 0 0.0365310166095101 0.00804144262195903 0.00841513806596084 0.00545295283160811 0.00569487479174094 0 0.013526664854067 0.00722919200755828 0.0220965496430264 0.0520553813774946 0 0.0238759617242634 0 0 0
0 0 0 0 0.228805585022613 0 0 0 0 0 0 0 0 7.49642048590813 0 0 0 0.0312034436545877 0.254334902536308 0.256785410838639 3.13448768532544 0.0736114893202865 0 0 0
0 0 0 0.0143039207378057 0 0 0 0 0 0 0 0.0107790655300807 0.0817798664598181 1.30837403454783 0.0279899907669008 0 0.0367740970483971 0.0355310739820236 0.209801838032341 0.18939492532371 0 0.925838009137499 0 0 0
0 0 0 0 0 0 0 0 0.102533232167114 0 0 0 0 0 0 0 0.0237035639161533 0.124921885597017 2.95920451947658 1.2978896756378 0 1.76820599981621 0 0 0
0 0 0 0 0 0 0 0 0 1.26894585781494 0 0 0 0 0 0 0 0 0.255619942511511 3.72499585201159 2.17285590862189 1.69668608087861 0 0 0
0 0 0 0 0 0 0 0 0 0 0 0 0 0 0 0 0 0 0.275289214248956 0.228309217270984 0.320688100231078 0.209434720815062 0 0 0.0182117128466339
0 0 0 0 0 0 0 0 0 0 0 0 0 0.0513290095908897 0 0 0 0 0.24266236688078 0.262500465761858 0.822343532305316 0.561865101484605 0 0 0
0 0 0 0 0 0 0 0 0 0 0 0 0 0 0 0 0 0 0.165929969002054 0 60.7646119143697 0 0 0 0
0 0 0 0 0 0 0 0 0 0 0 0 0 0.850801721033776 0 0 0.0452162334649015 0.105909920087389 0.246837587016817 0.310498448181118 0.0779926640941591 1.68648933098294 0 0 0.839497032232109
0 0 0 0 0 0 0 0 0.0275146735413993 0 0 0 0 0 0.00616182632007279 0 0.011131441640803 0 0.179312679583389 0.150866929367117 0 0 0 0.381883670662769 0
0 0 0 0 0 0 0 0 0 0 0 0 0 0 0 0 0 0 0.0453828288585771 0.254556087248708 0 3.47932485277717 0 0 0.75657785578297
0 0 0 0 0 0 0 0 0 0 0 0 0 0 0 0 0 0 0.243516681154769 0.0610839467570747 9.86698768456505 0.560340904684793 0 0 2.01722806698867
0 0 0 0 0 0 0 0 0 0 0 0 0 0 0 0 0 0 0.252428694482747 0.258479516619626 4.85848333630352 13.5390319942563 0 0 6.33085956678139
0 0 0 0 0 0 0 0 0 0 0 0 0 0 0 0 0 0 0 0 7.75670887059784 4.84549544025188 0 0 22.6123122569945
0 0 0 0 0 0 0 0 0 0 0 0 0 0 0 0 0 0 0 0 36.6691104869539 0 582.179910392432 0 114.533124653903
0 0 0 0 0 0 0 0 0 0 0 0 0 0 0 0 0 0 0 0 0 0 0 0 498.561670235745
0 0 0 0 0 0 0 0 0 0 0 0 0 0 0 0 0 0 0 0 0 0 0 0 0
0 0 0 0 0 0 0 0 0 0 0 0 0 0 0 0 0 0 0 0 0 0 0 0 0
0.0718893014882876 0.109093261787881 0.017757848330114 0.258261804134617 1.32043809900366 0.565969286494014 0.0438227777069111 2.45578876215874 0.569614937011646 1.3145303868638 1.8563038198945 0.211202477565344 0.398124095918312 13.1445400650349 0.836255084055687 0.170187931139825 0.912524849878412 2.60594703627583 5.36260516186962 7.55443754086926 153.342408205832 170.085159450354 4086.1200729409 0.0200991384559354 1901.83859375503
];

