food_web_filename = 'Southern_Gulf_of_St_Lawrence_145';
crc = 'crc_12965f26';
n = 30;
l = 29;
b0 = [0.02 0.23 0.003 0.03 0.0012 0.004 5.25 1.25 0.0118205007 4.8 0.55 2.08704615 0.08 0.03 0.34 1.7360003 0.7167266 0.03 4.93 9.75 0.5589091 4.17074633 112.3 42.1 10.5 7.8 5.75 50 18.04 93.01].';
p = [0 0 0 0 0 0 0 0 0 0 0 0 0 0 0 0 0 0 0 0 0 0 0 0 0 0 0 0 2117.087808 0].';
q = [4e-04 7e-04 0 7e-04 0 3e-04 0.8492 0 0.0058 0 0.1303 0.0452 0 0.0021 0.0697 0 0.0032 0.0025 0.1464 1.0231 0.0025 0.3771 0 0.0515 0 0 0 0 0 1112.88286860458].';
r = [0.14041999 0.5466364 0.019929599 0.1506846 0.00437146844 0.126045 6.5751 2.2937 0.0285051353 7.52544 0.7566185 1.719413 0.0605904 0.0310961977 0.264928 0.9503908 2.42272234 0.0434969962 6.86502457 19.6080322 5.21697 2.6213975 98.96325 50.6694565 45.87576 38.4304466 109.681877 247.054016 352.847968 0].';
F = [
0 0 0 0 0 0 0 0.002402402 0 0 0 0 0 0.001801802 0 0 0.04344344 0.002602603 0.07867868 0.06566567 0.001401401 0 0 0 0 0 0.004004004 0 0 0
0 0 0 0 0 0 0.02895836 0.07925446 0 0.006096496 0.006096496 0.0160033 0 0 0.007620621 0.01447918 0.1493642 0.00381031 0.04572372 0.1646054 0.04724785 0.002286186 0 0 0 0.002286186 0.1874673 0 0 0
0 0 0 0 0 0 0.004922877 0.004550799 0.0003720779 0 0 0.005896004 0 0.003062488 0.0004006993 0.002432817 0.002890759 0 0.001316583 0.002804895 0 0 0 0 0 0 0 0 0 0
0 0 0 0 0 0 0.03618529 0.03254535 0.0004282283 0.009635136 0.009849249 0.02269609 0.006637538 0 0.02569369 0.02376667 0.0196985 0 0.004496396 0.02205375 0 0.0002141141 0 0 0 0 0 0 0 0
0 0 0 0 0 0 0.000131292 0.000393876 0 0 0 0.00012504 6.252e-06 2.5008e-05 0.000193812 0.000193812 0.000337608 0.000425136 0.001819332 0.002144436 0.000412632 2.5008e-05 0 1.2504e-05 0 6.252e-06 0 0 0 0
0 0 0 0 0 0 0 0.0003623624 0.0009059059 0.0009059059 0 0.0009059059 0.0009059059 0 0 0.007247247 0.07591491 0 0.01938639 0.05906507 0.0009059059 0 0 0 0 0.001449449 0.01268268 0.0003623624 0 0
0 0 0 0 0 0 0 0.3341958 0 0.06188811 0 0.1237762 0 0 0 0.2475524 0.2351748 0 0.6683916 1.101608 0.8540559 0.3837063 0.2846853 1.658601 1.609091 1.819511 2.970629 0.03713287 0 0
0 0 0 0 0 0 0 0 0 0 0 0.1425926 0 0 0 0 0 0 0 0 0.2081081 0.01926927 0.07707708 0.05395395 0.1965465 0.6397397 2.424074 0.08863864 0 0
0 0 0 0 0 0 0 0 5.028742e-05 5.028742e-05 0 5.028742e-05 0 0.0008045987 0 0.005632191 0.02494256 0 0.0004525867 0.00447558 0.007492825 0 0 0 0 0 0.006285927 0 0 0
0 0 0 0 0 0 0 0 0 0 0 0 0 0 0 0 0 0 0 0 0.1176 0.01176 0.36456 0.7056 1.39944 3.0576 6.09168 0.01176 0 0
0 0 0 0 0 0 0 0 0 0 0 0 0 0 0 0.001337838 0 0 0 0 0.07893243 0.02274324 0.7371486 0.099 0.2073649 0.03344595 0.156527 0 0 0
0 0 0 0 0 0 0 0 0 0 0 0 0 0 0 0 0 0 0 0.04295141 0.07363099 0 0.9756106 0.7946011 0.5246208 0.5767761 0.01533979 0 0 0.06442711
0 0 0 0 0 0 0 0.006286514 0 0.0001102897 0 0.0005514485 0 0.0002205794 0 0.02691069 0.002867532 0 0.005293906 0.0406969 0.006507093 0.0138965 0.0001102897 0.0008823178 0.005404196 0.0005514485 0.0001102897 0 0 0
0 0 0 0 0 0 0 0.0001558559 0 0 0 0 0 0 0 0.0006753754 0.003221021 0 0.0001039039 0.009922823 0.01381922 0 0 0 0 0 0.01839099 0.005610811 0 0
0 0 0 0 0 0 0 0.01737325 0.003257485 0.003257485 0 0.003257485 0.007600799 0.001085828 0 0.01248703 0.004343313 0 0.07112175 0.3816687 0.01683034 0.003800399 0 0 0.01248703 0.003257485 0.002171657 0 0 0
0 0 0 0 0 0 0 0.1721939 0 0.4352153 0 0.1608404 0 0 0 0.1797628 0.005676721 0 0 0.07568961 0.0983965 0.298974 0.00189224 0.01513792 0.2630214 0.02081464 0.1646249 0 0 0
0 0 0 0 0 0 0 0 0 0 0 0 0 0 0 0 0 0 0 0 0 0 0 0 0 0 0.1945913 3.697234 0 0
0 0 0 0 0 0 0 0.0001405405 0 0 0 0.003372973 0.0007027027 0 0 0.001967568 0.002459459 0 0.0026 0.02986486 0.001616216 0.0002810811 0 0 0.001897297 0 0.0252973 0 0 0
0 0 0 0 0 0 0 0 0 0 0 0 0 0 0 0 0.0099093 0 0 0.5747394 0.0495465 0 0 0 0 0.0396372 3.26016 5.975308 0 0
0 0 0 0 0 0 0 0 0 0 0 0 0 0 0 0 0 0 0 0 0.09146104 0 0 0 0 1.524351 9.816818 19.08487 0 0
0 0 0 0 0 0 0 0 0 0 0 0 0 0 0 0 0 0 0 0 0 0 0 0 0.1343392 0.1522511 1.003066 2.185251 0.823947 4.666048
0 0 0 0 0 0 0 0 0 0 0 0 0 0 0 0 0 0 0 0 0.1693298 0.2804525 0.7884419 1.412845 0.836066 0.2592863 0.1005396 0 0 1.449886
0 0 0 0 0 0 0 0 0 0 0 0 0 0 0 0 0 0 0 0 0 0 0 0 0 0 0 0 0 188.664
0 0 0 0 0 0 0 0 0 0 0 0 0 0 0 0 0 0 0 0 0 0 0 0 0 0 0 0 55.7825 55.7825
0 0 0 0 0 0 0 0 0 0 0 0 0 0 0 0 0 0 0 0 0 0 0 0 14.57608 0 0 0 44.15444 26.42447
0 0 0 0 0 0 0 0 0 0 0 0 0 0 0 0 0 0 0 0 0 0 0 0 0 0 0 0 0 59.358
0 0 0 0 0 0 0 0 0 0 0 0 0 0 0 0 0 0 0 0 0 0 0 0 0 0 2.196672 78.68081 97.85177 20.96824
0 0 0 0 0 0 0 0 0 0 0 0 0 0 0 0 0 0 0 0 0 0 0 0 0 0 0 110.9091 467.5244 275.5665
0 0 0 0 0 0 0 0 0 0 0 0 0 0 0 0 0 0 0 0 0 0 0 0 0 0 0 0 0 0
0.05918 0.2139636 0.0087204 0.0625154 0.001880532 0.054655 4.895502 0.9064449 0.01091801 3.717401 0.4336358 0.8232771 0.0339564 0.0117035 0.1754632 0.4174039 0.8856591 0.01736495 1.99849 7.308413 1.908138 1.260942 86.47122 56.10341 19.51288 12.79659 61.36449 386.2699 1098.103 0
];

