food_web_filename = 'Southern_New_England_EMAX_2008';
crc = 'crc_383b3e29';
n = 33;
l = 31;
b0 = [24.268362 4.7922894 0.006420293 0.046863439 0.59770532 0.019043615 0.0099176287 0.02332842 0.032565891 7.1293183 4.4217493 6.9473884 0.30643861 0.62384693 2.841394 1.8380189 13.988727 0.78159423 0.24696864 5.1470816 5.194777 42.155872 15.737397 7.3233206 39.891971 0.33722364 7.8117032 3.6195921 12.085339 10.699617 4.0664679 8.5828634 47.267474].';
p = [4717.5637 0 0 0 0 0 0 0 0 0 0 0 0 0 0 0 0 0 0 0 0 0 0 0 0 0 0 0 0 0 0 0 0].';
q = [0 0 0 0 0.00038745857 0 0 0.0054141135 0.0008768642 0.0097430301 0.18142613 0.0070952429 0.055130028 0.03496921 0.20718711 0.0048622831 0.028399088 0.38447335 0.019000549 0 0.15376908 1.6578155 0 0 0 0 0 0 0 0 0 0 0].';
r = [1100.5266 842.72674 0.030952963 0.47713052 2.0604751 0.12443925 0.033827327 0.0053215037 0.0097598798 3.4785033 0.9466965 1.3189726 0.15420524 0.36430589 3.4586881 0.44279004 9.9629589 18.349865 0.46934574 29.229138 7.2562928 226.33649 29.74129 35.84694 212.77011 0.1749041 581.90163 222.25041 553.04467 371.94019 459.37952 0 0].';
F = [
0 0 0 0 0 0 0 0 0 0 0 0 0 0 0 0 0 0 0 0 0 0 0 0 0 0 0 0 0 0 0 0 0
312.23754 0 0 0 0 0 0 0 0 0 0 0 0 0 0 0 0 0 0 0 0 0 0 0 0 0 0 0 0 0 0 0 1655.2771
0 0 0 0 0 0 0 0 0 0.0014641807 0.0017140124 0 4.8989492e-05 0.001632862 0.003747653 0.012048085 0.017562599 0 0.0028476488 0 0 0 0 0 0 3.3890275e-05 0.008846943 0 0.001934003 0 0 0.0049621711 0
0 0 0 0.0022419987 0 0 0 0 0 0.041505066 0.031152987 0 0.00052716578 0.0194004 0.16040971 0.10618335 0.23622002 0 0 0 0 0 0 0 0 0.0065939852 0.021226214 0.038481413 0 0 0 0 0
0 0 0 0 0 0 0 0 0 0 0 0 0 0.0052272016 0.024194392 0.012486583 0.12269856 0 0 0.015134442 0 0.054529275 0.025995741 0.12919894 0 0.007866773 0.69203575 0.046128878 1.0065167 0.12506405 0 0 0.029722345
0 0 0 0 0 0 0 0 0 0.0094564487 0.0090583723 0.0084164467 0.0001266158 0.012930395 0 0.019329837 0.057758321 0 0 0 0 0 0 0 0 0 0.0095661617 0 0 0 0 0 0
0 0 0 0 0 0 0 0 0 0 0 0 0 0 0.0044955426 0.044447801 0.011174602 0 0 0 0 0 0 0 0 4.1269213e-05 0 0.0056122179 0 0 0 0 0
0 0 0.00054663215 0.0003678387 0.00018830969 0.00047319252 0.00017731809 0.00031651626 0.00049464268 0.0011948394 0.0011468115 0.00060377339 0.0018074403 0.00026002807 0.0026327446 0.00078902288 0.0037552433 0 0 0 0 0.00019651131 0 0.00017798424 0 0.00011378102 0 1.8754349e-05 0.00055120992 0 0 0 0.0010510296
0 0 0.001714924 0.00076062844 0.0006293876 0.0017160515 0.00054889717 0.0010665273 0 0.0027562108 0.0024445339 0.0021477479 8.952445e-05 0.0045147298 0.005959743 0.0079110732 0.0088006894 0 0 0.00053294547 0 0.00058390449 0 0.00054887332 0 0 0.0018180894 5.1592234e-05 0 0 0 0.0023954339 0
0 0 0 0 0 0 0 0 0 0.29522287 0.14014735 0.25778304 0.19732606 0.32298267 1.3272743 0.14859992 2.2241593 0.096296438 0.52963939 0.45477204 1.8626646 0.37745896 0.024429835 0.0086126793 0.010167455 0 0.0098432166 0.12879145 0 0 0 0 0
0 0 0 0 0 0 0 0 0 0.01201723 0.017686997 0.052799799 0 0 0.032646851 0.015322599 0.15070127 0.050133 0.27284711 0.40037797 0.19145285 0.52235287 0.48143787 0.73341686 0.89671773 0 0.15640736 0.051453464 0 0 0 0.082369945 0.055638668
0 0 0 0 0 0 0 0 0 0.31330534 0.17757467 0.26027535 0 0 0.15609276 0.040798717 0.26609186 0 0.57654338 0.38742986 0.33365858 0.98039776 0.20131783 0.85380042 0.47239322 0 0.0053898708 0 0 0 0 0.05841086 0.065554263
0 0 0 0 0 0 0 0 0 0.041262088 0.023898898 0.046374783 0.033752659 0.02421685 0.056368858 0.11719564 0.18580137 0.0086479744 0.055616267 0.027517723 0.00077672579 0.016960358 0.0006880033 0.01568607 0 0 0 0.007432988 0 0 0 0 0
0.017240623 0 0 0 0 0 0 0 0 0 0 0 0 0 0 0 0 0.011691184 0 0 0 0 0 0.00869195 0.0045672373 0 0.028638055 0 1.2812767 0.11264818 0 0 0
0 0 0 0 0 0 0 0 0 0.090802661 0 0 0 0.010929576 0.47668807 0.10259165 0.11951032 1.2203869 0.41313415 0 0 0.13549574 0 1.0721711 0 0 4.009134 0 0.74524728 0 0 0 0
0.74680569 0 0 0 0 0 0 0 0 0 0 0 0 0 0 0 0 0.028386804 0 0 0 0.01299466 0.0077684136 0.0080421514 0 0 0.18376932 0.92744521 1.8585448 0.44425377 0 0 0
0.38252092 0 0 0 0 0 0 0 0 0.024453697 0.019323248 0.015364228 0 0 0 0.64712128 0 2.7898769 0 0 0 0.14837535 0.12100993 0.9585961 0.1567832 0 6.4335847 1.6116525 10.993481 2.8523325 0 0 0
2.4315407 0 0 0 0 0 0 0 0 0 0 0 0 0 0 0 0 2.3244094 0 0 0 1.5882931 1.288159 1.7247464 1.6804744 0 2.4265335 0 7.9425203 12.075852 0 0 2.2646111
0.14624445 0.8269413 0 0 0 0 0 0 0 0 0 0 0 0 0 0 0 0 0.033366264 0 0 0.19354864 0 0.13443259 0 0 0.28003983 0 0 0 0 0.12173897 0.84579158
0 13.153805 0 0 0 0 0 0 0 0.3730104 0.309348 0.45001533 0 0 0 0 0 0 0 13.268033 3.618615 21.885899 18.667036 6.5333228 7.6073577 0 0 0 0 0 0 2.3372139 13.99976
34.966217 10.384923 0 0 0 0 0 0 0 0 0 0 0 0 0 0 0 0 0 0 0 0 0 0 0 0 0 0 0 0 0 0 11.029992
132.73554 122.38453 0 0 0 0 0 0 0 1.8829658 1.4915807 1.9777595 0 0 0 0 0 0 0 30.969814 3.0722093 60.747692 92.757062 33.123726 40.070566 0 0 0 0 0 0 3.0299669 240.67853
104.03145 43.605336 0 0 0 0 0 0 0 0 0 0 0 0 0 0 0 0 0 2.4110262 2.7459195 12.886139 14.713702 0 0 0 0 0 0 0 0 0.90110286 78.628863
23.460331 18.385154 0 0 0 0 0 0 0 0 0.24322919 0.40377096 0 0 0 0 0 0 0 1.4591387 1.9064941 17.822225 20.7251 15.982491 17.942505 0 0 0 3.3475597 1.5956176 0 0.55647388 47.875199
83.710874 173.55829 0 0 0 0 0 0 0 0 0 0 0 0 0 0 0 0 0 1.6138262 2.0061853 33.692323 4.8473378 9.7544717 65.697794 0 0 0 0 0 0 1.8639796 325.05559
0.013887163 0.013875529 0.013794776 0 0 0 0 0 0 0 0 0 0 0 0 0 0 0 0 0 0 0 0 0 0 0 0.0069387166 0 0.25661551 0.34661879 0.041622707 0 0
145.52913 0 0 0 0 0 0 0 0 0 0 0 0 0 0 0 0 0 0 0 0 0 0 0 0 0 31.541942 0 218.18224 421.46303 0 0 136.2404
57.595552 11.501348 0 0 0 0 0 0 0 0 0 0 0 0.30975887 1.4277516 1.6005291 7.9617605 4.9884193 0 0 0 0 0 0 0 0.50361338 0 10.607545 210.22229 165.27244 27.884535 0 6.224917
772.07796 0 0 0 0 0 0 0 0 0 0 0 0 0 0 0 0 0 0 0 0 5.785704 0 3.8223365 0 0 0 68.200363 136.61687 368.26137 71.446597 0 31.487199
1064.0173 0 0 0 0 0 0 0 0 0 0 0 0 0 0 0 0 0 0 0 0 0 0 0 0 0 0 0 0 109.3895 310.17679 0 183.28039
171.43293 403.68024 0 0 0 0 0 0 0 0 0 0 0 0 0 0 0 0 0 0 0 0 0 0 0 0 0 0 0 0 98.684688 0 376.98059
0 0 0.0005817555 1.2059485e-07 1.9746954e-07 3.40548e-10 0.021082705 0.0031171281 0.032904382 0.79215034 0.085335717 0.19900645 0.17169871 0.32364025 0.0064114638 0.25711945 1.5369902 8.0091347e-08 0.081388884 0.47871305 4.8668716 0.0036429306 0.0039518931 0.00056512476 0.0033298832 1.0148232e-09 0.090106342 5.9015274e-06 0 0 0 0 0
711.50407 327.29343 0.0092519876 0.1834412 0.23511919 1.4104841e-05 0.010135185 0.0016278352 0.002955738 1.046358 0.49401636 0.1486495 0.047484824 0.029985027 1.0455426 0.6378844 4.2601332 5.4945536 0.12837424 21.487963 28.366222 380.07283 76.31725 60.993314 354.48791 0.00018600734 325.14929 202.22507 312.19808 212.98504 83.1647 0 0
];

