food_web_filename = 'Southern_Brazil_664';
crc = 'crc_a178d3e5';
n = 13;
l = 12;
b0 = [0.24 0.085 0.342 0.748 2 1.329 0.3 13.71 0.2 0.298 9 16.7 150].';
p = [0.0246 0.00595 0.684 1.78398 0.468 0 0 0 0 0 0 2004 400].';
q = [0.015 0.004 0.13 0.405 0.306 0.033 0.054 0 0 0.04 0 0 266.856915255793].';
r = [0.2952 0.088825 0.9576 2.74516 2.784 2.42941213 0.615 38.8541451 0.2168 3.38945174 1752.84009 334 0].';
F = [
0.06888 0.00984 0 0 0.05904 0 0.01476 0.28044 0.0246 0.00492 0.00492 0 0
0 0.014875 0 0 0 0 0.0044625 0.119 0.0044625 0 0 0 0
0 0 0 0 0.0684 0 0.02736 0.45144 0.04104 0.09576 0 0 0
0 0 0 0 0.19822 0.39644 0 1.18932 0.19822 0 0.19822 0 0
0 0 0 0 0.234 0 0 2.106 0 0.936 0.936 0 0
0 0 0 0 0 0 0 0 0 0.0360159 3.565574 0 0
0 0 0 0 0 0 0 0 0 0 0.9 0 0
0 0 0 0 0 0 0 0 0 0 63.60755 3.533753 3.533753
0 0 0 0 0.0323 0 0 0.0969 0 0 0.5168 0 0
0 0 0 0 0 0 0 0 0 0 0 1.140148 4.560592
0 0 0 0 0 0 0 0 0 0 292.14 1606.77 1022.49
0 0 0 0 0 0 0 0 0 0 0 0 0
0.1129632 0.03125875 0.28044 0.814198 0.9984 0.742911 0.18441 27.57629 0.161 1.198705 806.8907 58.45 0
];

