food_web_filename = 'South_Benguela_485';
crc = 'crc_8b298838';
n = 32;
l = 31;
b0 = [1.8006916 7.63040066 12.7469158 4.545 6.342792 1.01473832 5.555 0.364 0.284 0.486195952 1.61799967 6.97517633 0.142482653 0.131 1.364 0.502446532 0.8230002 1.29322922 0.786000431 1.43611765 3.68594146 0.582 0.873 0.045 0.133 0.074 0.015 10.4044313 49.42105 76.938 5.58371162 104.159435018166].';
p = [0 0 0 0 0 0 0 0 0 0 0 0 0 0.032291502906235 0 0 0 0 0 0 0 0 0 0 0 0 0 0 0 14255.07264 100.50680916 0].';
q = [0 0 0 0 0.952 0.44 0.305 0.001 0.039 0.016 0.154401 0.005 0.051 0.027 0.023008 0.014 0.143906 0.150300011 0.343701 0.022 0.0929999948 0.002 0.011 0 0.005 0 0 0 0 368.4 0 8299.591751943].';
r = [1909.45337 356.083679 157.623276 3.41420412 50.4886246 6.9419775 39.71825 2.00199986 1.5904 6.43437624 8.899 46.0361671 0.498689264 0.452081 6.13799953 4.05432367 2.23856 12.1427965 2.32655954 3.01584721 7.740477 1.82515216 6.111 0.1575 2.02090836 0.573500037 1.36345494 267.39386 385.4842 2375.84544 16.75113486 0].';
F = [
173.5867 0 0 0 0 0 0 0 0 0 0 0 0 0 0 0 0 0 0 0 0 0 0 0 0 0 0 0 0 1388.693 0 1909.453
508.6921 0 0 0 0 0 0 0 0 0 0 0 0 0 0 0 0 0 0 0 0 0 0 0 0 0 0 0 0 508.6921 0 0
134.5874 134.9916 0 0 0 0 0 0 0 0 0 0 0 0 0 0 0 0 0 0 0 0 0 0 0 0 0 0 0 134.5874 0 0
0 4.854787 0.9102726 0.3034242 0 0 0 0 0 0 0 0 0 0 0 0 0 0 0 0 0 0 0 0 0 0 0 0 0 0 0 1.517121
3.653448 52.06164 31.05431 0 0 0 0 0 0 0 0 0 0 0 0 0 0 0 0 0 0 0 0 0 0 0 0 0 0 4.56681 0 0
4.017065 3.640465 0.8787329 0 0 0 0 0 0 0 0 0 0 0 0 0 0 0 0 0 0 0 0 0 0 0 0 0 0 4.017065 0 0
0 43.329 28.886 0 0 0 0 0 0 0 0 0 0 0 0 0 0 0 0 0 0 0 0 0 0 0 0 0 0 0 0 0
0 2.9484 0.5824 0.1092 0 0 0 0 0 0 0 0 0 0 0 0 0 0 0 0 0 0 0 0 0 0 0 0 0 0 0 0
0 0.02272 1.8176 0 0.04544 0.02272 0.02272 0 0 0 0 0.3408 0 0 0 0 0 0 0 0 0 0 0 0 0 0 0 0 0 0 0 0
0 8.097474 2.699158 0 0 0 0 0 0 0 0 0 0 0 0 0 0 0 0 0 0 0 0 0 0 0 0 0 0 0 0 0
0 6.3102 8.4136 0 0.38832 0.1618 0.90608 0 0 0 0 0 0 0 0 0 0 0 0 0 0 0 0 0 0 0 0 0 0 0 0 0
0 33.48085 50.22127 0 0 0 0 0 0 0 0 0 0 0 0 0 0 0 0 0 0 0 0 0 0 0 0 0 0 0 0 0
0 0 0.1211103 0 0.3398211 0.0213724 0.0427448 0.0007124133 0.0007124133 0.007124133 0.0007124133 0.03562066 7.124133e-06 0 0.007124133 0.01424827 0 0.0427448 0 0.07836546 0 0 0 0 0 0 0 0 0 0 0 0
0 0 0.05360389 0 0.1614575 0.0968745 0.0193749 0.02131239 0.02002073 0.03293733 0 0.0129166 0 0.00064583 0.09106203 0.0064583 0 0.02195822 0 0.05554138 0 0 0 0 0 0 0 0 0.0193749 0 0 0
0 0 3.6828 0 0.682 0.01364 0.682 0 0 0 0 1.364 0 0 0.682 0.30008 0 1.06392 0 0 0 0 0 0 0 0 0 0 5.16956 0 0 0
0 0 4.854101 0 1.418406 0.07880035 0.2442811 0 0 0 0 0.6934431 0 0 0.4097618 0 0 0.1654807 0 0.007880035 0.007880035 0 0 0 0 0 0 0 0 0 0 0
0 0 0.1665752 0 1.082739 0.0036212 0.3150444 0.036212 0.072424 0.108636 0.5721496 0.18106 0.0072424 0 0.108636 0.344014 0.072424 0.54318 0 0.0036212 0.0036212 0 0 0 0 0 0 0 0 0 0 0
0 0 18.19084 0 1.987035 0.1182759 1.182759 0.02365518 0 0 0 1.91607 0 0 0.2365518 0 0 0 0 0.002365518 0.002365518 0 0 0 0 0 0 0 0 0 0 0
0 0 0.775782 0 0.00701898 0.00036942 0.1034376 0.0073884 0 0 0 1.344689 0.0036942 0 0.3841968 0 0 0.535659 0.073884 0.110826 0.3472548 0 0 0 0 0 0 0 0 0 0 0
0 0.05026412 3.257115 0 0.007539618 0.0005026412 0.5529053 0 0 0 0 0.7539618 0 0 0.1005282 0.02010565 0 0.08042259 0 0.1507924 0.05026412 0 0 0 0 0 0 0 0 0 0 0
0 0.129008 0.6450398 0 0.06450398 0 0.3225199 0 0 0 0 0.6450398 0 0 0.2580159 0.0129008 0.02580159 0.1032064 0.02580159 0.2580159 0.2580159 0 0.06450398 0 0 0 0 0 10.08842 0 0 0
0 0 0 0 0.0529038 0.0264519 0.1296143 0.0529038 0.0264519 0 0.2380671 0.6612975 0.00264519 0.0264519 0.529038 0 0.1058076 0 0.1322595 0.1322595 0.264519 0.264519 0 0 0 0 0 0 0 0 0 0
0 0 0 0 0 0 0 0 0 0 0.0873 0.0873 0 0 0.2619 0 0.0873 0 0 0.04365 1.3095 0 0.5238 0 0 0 0 0 6.32925 0 0 0
0 0 0 0 0 0 0 0 0 0 0.005625 0 0.00225 0.001125 0 0 0 0 0 0.00225 0.00225 0.0225 0.17325 0 0.00675 0.009 0 0 0 0 0 0
0 0 0 0 0.6419245 0.07703094 0.007703094 0.007703094 0.03338007 0.02567698 0.05648936 0.02567698 0 0.002567698 0.5931382 0.2567698 0.05648936 0.2567698 0.04621856 0.1258172 0.2156866 0 0 0 0 0 0 0 0.1386557 0 0 0
0 0.0222 0.0296 0 0.222 0.0518 0.0222 0.0148 0 0 0.1998 0.0296 0 0 0.11396 0.0074 0.0074 0.01258 0.00666 0 0 0 0 0 0 0 0 0 0 0 0 0
0 0.016605 0.1845 0 0.738 0.09225 0.0369 0.1107 0.005535 0.01845 0 0.190035 0.00369 0 0.12915 0.0738 0 0.23985 0 0.001845 0 0 0 0 0.00369 0 0.0001845 0 0 0 0 0
0 0 0 0 0 0 0 0 0 0 0 0 0 0 0 0 0 0 0 0 0 0 0 0 0 0 0 0 0 0 17.16731 326.1789
0 0 0 0 0 0 0 0 0 0 0 0 0 0 0 0 0 0 0 0 0 0 0 0 0 0 0 39.53684 34.59474 0 24.71053 395.3684
0 0 0 0 0 0 0 0 0 0 0 0 0 0 0 0 0 0 0 0 0 0 0 0 0 0 0 0 0 0 0 0
0 0 0 0 0 0 0 0 0 0 0 0 0 0 0 0 0 0 0 0 0 0 0 0 0 0 0 0 0 0 0 0
737.7433 371.3453 89.11879 3.758777 32.05647 4.405842 27.60146 1.361613 0.4840759 4.153432 5.966455 29.37944 0.1431951 0.1359586 3.573929 2.775934 0.8835116 8.296316 0.7391157 1.015335 2.605961 0.531019 1.846446 0.0675 0.5313496 0.1575 0.4813605 36.41551 52.38631 9470.27 41.87784 0
];

