food_web_filename = 'Southwestern_Gulf_of_Mexico_687';
crc = 'crc_8a5ef57b';
n = 24;
l = 23;
b0 = [2.010715 0.747404933 0.006084531 0.673063755 0.5508102 0.173409134 1.63196027 0.05827885 2.695876 0.169 0.09363229 0.9081443 0.10400109 0.0307735316 2.28807616 1.10327172 5.324654 9.128258 2.04932451 22.09 2.10723281 2.649988 4.130985 1.9].';
p = [0 0 0 0 0 0 0 0 0 0 0 0 0 0 0 0 0 0 0 0 0 326.1329631648 72.543401388 1044.262].';
q = [0.0034 0 0 0.0683 0.0641 0.0338 0.0949 7e-04 0.042 0.0966 0.0018 0.0329 0.0129 1e-04 0.0784 0.0702 0.04 0 0.024 0 0 0 0 522.258088485919].';
r = [14.1152191 8.834327 0.0385759249 4.75183 3.6463635 1.26588666 17.7230873 0.289063126 17.5771122 0.95282197 0.3024323 2.86973619 0.7852082 0.21479927 51.9828 5.165518 25.7500267 112.216721 15.4928932 464.1624 105.433273 54.3554938608 12.090566898 0].';
F = [
0 0 0 0 0 0 0 0 0 0 0 0 0 0 0.9410146 0 0 8.311512 0.80692 1.785575 8.445606 0 2.058469 1.176268
0 0 0 0 0 0 0 0 0 0 0 0 0 0 2.137099 0 0 5.158516 0.7369308 0.3979426 6.293389 0 0 0
0.006413704 0.0236701 0 0 0 0 0 0 0 0 0 0 0 0 0.0015807 0 0.01183758 0.006999523 0 0 0 0 0 0
1.716313 1.222015 0 0 0 0 0.137305 0 0 0 0 0 0 0 1.318128 0.27461 0.54922 0 1.579008 0 0.0686525 0 0 0
2.232467 1.455957 0 0 0 0 0 0 0 0 0 0 0 0 1.213787 0 0 0 0 0 0 0 0 0
0.4831178 0.06988388 0.001734091 0 0.003468183 0.004161819 0 0 0.09017275 0 0 0 0.03156046 0.008670457 0.5783195 0.1243343 0.3242751 0 0 0 0.009017275 0 0.005375683 0
0 0 0 0 0 0 0 0 0 0 0 0 0 0 1.421811 0.2743845 4.489929 7.358494 0.1247202 0 8.081872 0 3.217782 0
0 0.008313905 0 0 0 0 0 0 0 0 0 0 0 0 0.008313905 0.008313905 0.06136454 0.1433159 0 0.01702371 0.1381692 0 0.01148111 0
0 0 0 0 0 0 0 0 0 0 0 0 0 0 2.524589 1.34336 3.590013 4.076401 0 5.697697 5.651375 0 0.3010978 0
0 0 0 0.6235086 0.184548 0 0.08831941 0.0039546 0.13182 0 0.0382278 0.1898208 0 0 0.026364 0.013182 0 0 0.0184548 0 0 0 0 0
0 0 0 0.01154299 0.009518659 0.07735525 0.09622029 0.001981259 0 0 0 0.08786454 0 0 0.07899195 0.0672336 0 0 0 0 0 0 0 0
0 0 0 0 0 0 1.722755 0.0199393 0.6579968 0 0 0 0 0 0 0 0 0 1.475508 0 0.0199393 0 0.09969648 0
0.02810841 0.01769788 0 0 0 0 0 0 0 0 0 0 0 0 0.004164208 0.01769788 0.03851893 0.1218031 0.140542 0.2352777 0.3779019 0 0.04060103 0.01769788
0 0 0 0 0 0 0 0 0 0 0 0 0 0 0.02657714 0.02657714 0 0.1681354 0 0.02517834 0 0 0 0.03357112
0 0 0 0 0 0 0 0 0 0 0 0 0 0 0 0 0 17.3276 0 47.6509 0 0 8.6638 12.9957
0 0 0 0 0 0 0 0 0 0 0 0 0 0 0.937781 0 0 0.937781 0 1.406671 0.4688905 0 0 5.626686
0 0 0 0 0 0 0 0 0 0 0 0 0 0 0 0 0 0 0 0 8.833601 13.2504 6.625201 15.4588
0 0 0 0 0 0 0 0 0 0 0 0 0 0 0 0 0 0 0 44.88669 0 67.33003 0 112.2167
0 0 0 0 0 0 0 0 0 0 0 0 0 0 5.164298 0 0 7.746447 0 2.582149 5.164298 0 0 5.164298
0 0 0 0 0 0 0 0 0 0 0 0 0 0 0 0 0 0 0 0 0 0 35.7048 678.3912
0 0 0 0 0 0 0 0 0 0 0 0 0 0 0 0 0 12.60652 0 0 0 176.4913 0 63.0326
0 0 0 0 0 0 0 0 0 0 0 0 0 0 0 0 0 0 0 0 0 0 0 0
0 0 0 0 0 0 0 0 0 0 0 0 0 0 0 0 0 0 0 0 0 0 0 0
4.940327 3.092014 0.01019159 1.410069 0.9942124 0.3528876 5.106404 0.08065793 4.685432 0.268778 0.08824843 0.8155136 0.2103422 0.05646943 18.19398 1.992398 9.31282 48.25319 5.422513 145.2485 103.1444 14.70574 3.724523 0
];

