food_web_filename = 'South_West_Vietnam_415';
crc = 'crc_58915df1';
n = 15;
l = 14;
b0 = [0.01 0.02 0.05 0.21 0.12 0.08 1.21 0.1 0.49 0.21 2.85 20 4.26 6.87 120].';
p = [0 0 0 0 0 0 0 0 0 0 0 0 0 989.28 630.886205].';
q = [0.042 0.032 0.095659975125 0.7750050565 0.43386267036 0.287431780896 6.4960000207 0.27010066 2.31165174621 0.82157291849 12.757061847 231.303765364 254.844290697 110.58691212 0].';
r = [0.107999995 0.0479999967 0.225 2.2533 0.791999936 0.775999963 7.986 0.76000005 5.39 2.33099985 37.961998 307 468.600037 164.88 0].';
F = [
0 0 0.03 0.03 0.03 0.0075 0.03 0.0075 0.0075 0.0075 0 0 0 0 0
0 0 0.024 0.016 0.016 0.008 0.008 0 0 0.008 0 0 0 0 0
0 0 3.749963e-06 0.05624944 0 0.01874981 0 0.03749963 0.03749963 0.07499925 0.1499985 0 0 0 0
0 0 0 0.0004549214 0 0 0 0.01108295 0.04549214 0.04549214 0.2105761 0 2.274607 1.108295 0
0 0 0.0003362746 0.2057971 0.1681373 0.04431518 0 0.02572819 0.2622939 0.3370751 0.3963169 0 0 0 0
0 0 0 0.0128 0 0 0 0 0 0 0.32 0.128 0.5632 0.128 0.128
0 0 0 0.3463934 0 0.1380032 0 0.06857114 0.51742 0.1788581 10.52794 2.742814 0 0 0
0 0 0 0 0 0 0 0 0 0 0 0 0.12 1.08 0
0 0 0 0 0 0 0 0 0 0 0.060025 4.611603 2.21357 1.689275 0
0 0 0 0 0 0 0 0.01951744 0.003142569 0.08050249 0.03108 2.213818 1.018336 0 0.516705
0 0 0 0 0 0 0 0 0 0 0 0 24.966 31.2075 6.2415
0 0 0 0 0 0 0 0 0 0 0 0 54.8 82.2 411
0 0 0 0 0 0 0 0 0 0 0 0 42.6 596.4 213
0 0 0 0 0 0 0 0 0 0 0 0 0 0 0
0 0 0 0 0 0 0 0 0 0 0 0 0 0 0
];

