food_web_filename = 'South_of_Benguela_506';
crc = 'crc_a0daee52';
n = 32;
l = 31;
b0 = [1.51927245 6.10107565 10.6932764 5 0.9 7.34 3.80857658 0.309257179 0.37255165 0.1756324 2.012 7.84454727 0.150464833 0.114389963 1.06228387 0.378248125 1.016201 1.35860717 1.432476 1.43023551 3.50600886 0.5583891 0.689001739 0.045 0.046038 0.124798 0.017 8.938841 42.4594955 76.938 4.79717827 96.0483912565181].';
p = [0 0 0 0 0 0 0 0 0 0 0 0 0 0.0281971258795 0 0 0 0 0 0 0 0 0 0 0 0 0 0 0 14255.07264 86.34920886 0].';
q = [0 0 0 0 0 1.45 0.000454545 0 0.13227272 0 0.287859082 0 0.0468181819 0.025618 0.000454545 0.007 0.181704551 0.003 0.5451136 1.36364e-06 0.02590909 0.001636364 0.006545455 0 0.001155 0 0 0 0 368.4 0 8787.55816174808].';
r = [1611.03638 284.7155 132.22879 3.756 7.16399956 50.2140427 27.2313251 1.7009145 2.08628917 1.15917385 11.066 51.7740135 0.526626945 0.394759744 4.78027773 3.151904 2.7640667 11.3211384 4.24012852 3.0034945 7.362619 1.75110829 4.82301235 0.1575 0.6995382 0.967184544 1.5452491 229.72821 331.184082 2375.84544 14.39153481 0].';
F = [
146.4579 0 0 0 0 0 0 0 0 0 0 0 0 0 0 0 0 0 0 0 0 0 0 0 0 0 0 0 0 1171.663 0 1611.037
406.7374 0 0 0 0 0 0 0 0 0 0 0 0 0 0 0 0 0 0 0 0 0 0 0 0 0 0 0 0 406.7374 0 0
112.9042 113.2433 0 0 0 0 0 0 0 0 0 0 0 0 0 0 0 0 0 0 0 0 0 0 0 0 0 0 0 112.9042 0 0
0 5.3408 1.0014 0.3338 0 0 0 0 0 0 0 0 0 0 0 0 0 0 0 0 0 0 0 0 0 0 0 0 0 0 0 1.669
0.5184 7.3872 4.4064 0 0 0 0 0 0 0 0 0 0 0 0 0 0 0 0 0 0 0 0 0 0 0 0 0 0 0.648 0 0
29.057 26.33291 6.35622 0 0 0 0 0 0 0 0 0 0 0 0 0 0 0 0 0 0 0 0 0 0 0 0 0 0 29.057 0 0
0 29.7069 19.8046 0 0 0 0 0 0 0 0 0 0 0 0 0 0 0 0 0 0 0 0 0 0 0 0 0 0 0 0 0
0 2.504983 0.4948115 0.09277715 0 0 0 0 0 0 0 0 0 0 0 0 0 0 0 0 0 0 0 0 0 0 0 0 0 0 0 0
0 0.02980413 2.384331 0 0.02980413 0.05960826 0.02980413 0 0 0 0 0.447062 0 0 0 0 0 0 0 0 0 0 0 0 0 0 0 0 0 0 0 0
0 1.580692 0.5268972 0 0 0 0 0 0 0 0 0 0 0 0 0 0 0 0 0 0 0 0 0 0 0 0 0 0 0 0 0
0 7.8468 10.4624 0 0.2012 0.48288 1.12672 0 0 0 0 0 0 0 0 0 0 0 0 0 0 0 0 0 0 0 0 0 0 0 0 0
0 37.65383 56.48074 0 0 0 0 0 0 0 0 0 0 0 0 0 0 0 0 0 0 0 0 0 0 0 0 0 0 0 0 0
0 0 0.1278951 0 0.02256972 0.3588586 0.04513945 0.0007523242 0.0007523242 0.007523242 0.0007523242 0.03761621 7.523242e-06 0 0.007523242 0.01504648 0 0.04513945 0 0.08275566 0 0 0 0 0 0 0 0 0 0 0 0
0 0 0.04680723 0 0.08459138 0.1409856 0.01691828 0.0186101 0.01748222 0.02876107 0 0.01127885 0 0.0005639425 0.07951589 0.005639425 0 0.01917405 0 0.04849906 0 0 0 0 0 0 0 0 0.01691828 0 0 0
0 0 2.868166 0 0.01062284 0.5311419 0.5311419 0 0 0 0 1.062284 0 0 0.5311419 0.2337025 0 0.8285814 0 0 0 0 0 0 0 0 0 0 4.026056 0 0 0
0 0 3.883192 0 0.06303883 1.134699 0.1954204 0 0 0 0 0.5547417 0 0 0.3278019 0 0 0.1323815 0 0.006303883 0.006303883 0 0 0 0 0 0 0 0 0 0 0
0 0 0.2056791 0 0.004471284 1.25196 0.3890017 0.04471284 0.08942569 0.1341385 0.7914173 0.2235642 0.008942569 0 0.1341385 0.424772 0.08942569 0.6706927 0 0.004471284 0.004471284 0 0 0 0 0 0 0 0 0 0 0
0 0 17.50269 0 0.1132127 1.811404 1.132127 0.02264255 0 0 0 1.834046 0 0 0.2264255 0 0 0 0 0.002264255 0.002264255 0 0 0 0 0 0 0 0 0 0 0
0 0 1.413854 0 0.0006732637 0.01346527 0.1885138 0.01346527 0 0 0 2.45068 0.006732637 0 0.7001943 0 0 0.9762324 0.1346527 0.2019791 0.6328679 0 0 0 0 0 0 0 0 0 0 0
0 0.05005824 3.243774 0 0.0005005824 0.01001165 0.5506407 0 0 0 0 0.7508736 0 0 0.1001165 0.0200233 0 0.08009319 0 0.1501747 0.05005824 0 0 0 0 0 0 0 0 0 0 0
0 0.1227103 0.6135516 0 0.06135516 0 0.3067758 0 0 0 0 0.6135516 0 0 0.2454206 0.01227103 0.02454206 0.09816825 0.02454206 0.2454206 0.2454206 0 0.06135516 0 0 0 0 0 9.595946 0 0 0
0 0 0 0 0.02537878 0.03806818 0.124356 0.05075757 0.02537878 0 0.2537878 0.6344696 0.002537878 0.02537878 0.5075757 0 0.1015151 0 0.1268939 0.1268939 0.2537878 0.2410985 0 0 0 0 0 0 0 0 0 0
0 0 0 0 0 0 0 0 0 0 0.06890017 0.06890017 0 0 0.2067005 0 0.06890017 0 0 0.03445009 1.033503 0 0.413401 0 0 0 0 0 4.995263 0 0 0
0 0 0 0 0 0 0 0 0 0 0.00675 0 0.00225 0.001125 0 0 0 0 0 0.00225 0.00225 0.0225 0.17325 0 0.005625 0.009 0 0 0 0 0 0
0 0 0 0 0.02666429 0.2222024 0.002666429 0.002666429 0.01155453 0.008888096 0.01955381 0.008888096 0 0.0008888096 0.205315 0.08888096 0.01955381 0.08888096 0.01599857 0.04355167 0.07466001 0 0 0 0 0 0 0 0.04799572 0 0 0
0 0.02209083 0.02945445 0 0.4608575 0.0981026 0.02209083 0.01472722 0 0 0.4239298 0.02945445 0 0 0.1133996 0.007363611 0.007363611 0.01251814 0.006627251 0 0 0 0 0 0 0 0 0 0 0 0 0
0 0.018819 0.2091 0 0.10455 0.8364 0.04182 0.12546 0.006273 0.02091 0 0.215373 0.004182 0 0.14637 0.08364 0 0.27183 0 0.002091 0 0 0 0 0.004182 0 0.0002091 0 0 0 0 0
0 0 0 0 0 0 0 0 0 0 0 0 0 0 0 0 0 0 0 0 0 0 0 0 0 0 0 0 0 0 14.74909 280.2327
0 0 0 0 0 0 0 0 0 0 0 0 0 0 0 0 0 0 0 0 0 0 0 0 0 0 0 33.9676 29.72165 0 21.22975 339.676
0 0 0 0 0 0 0 0 0 0 0 0 0 0 0 0 0 0 0 0 0 0 0 0 0 0 0 0 0 0 0 0
0 0 0 0 0 0 0 0 0 0 0 0 0 0 0 0 0 0 0 0 0 0 0 0 0 0 0 0 0 0 0 0
622.4459 296.9183 74.76097 4.162423 4.586509 32.14931 17.57658 1.097863 0.6109847 0.748194 7.20105 33.41777 0.1542265 0.1156082 2.310467 2.25364 1.214213 8.094717 1.63868 1.051223 2.576917 0.5215354 1.412454 0.0675 0.1783094 0.2717955 0.5455419 31.28594 45.00707 9789.818 35.97884 0
];

