food_web_filename = 'Strait_of_Georgia_328';
crc = 'crc_f5ea445a';
n = 27;
l = 26;
b0 = [0.003 0.4 5.591 0.004 0.04 0.33 0.198 6.5 12.6 7.737 0.838 1.231 0.02 2.8500545 16 2.08420062 2.321 15 3.58 9.1 12.3060017 220.5 400 23.95943 20.3 64.18807 630.629001578327].';
p = [0.0111 0 0 0 0 0 0 0 0 0 0 0 0 0 39.5492964048 15.006244464 0 0 0 0 0 0 0 0 107.9148 15405.1368 0].';
q = [0 0.04 0.273 0.001 0 0.296 0.12 0 0 0 0 0 0 0 7.22 0 0 0 0 0 0 0 0 0 0 0 2584.56800300219].';
r = [0.0177000016 2.528 3.18687 0.00368000031 0.232799992 0.9834 0.255816042 12.35 18.6479988 27.0795 2.88272 4.23463964 1.4652 35.3406754 69.92 25.8440857 10.95512 99 27.48008 49.049 246.12001 877.589966 5960 2914.42529 17.9858 2567.5228 0].';
F = [
0 0.0103674 0 0 0.000444 0 0 0 0 0 0 0 6.66e-05 0.000222 0 0 0 0 0 0 0 0 0 0 0 0 0
0 0 0.07163819 0 0 0.1302513 0.09117588 0 0.843377 0.8629146 0.1823518 0.358191 0 0.2670151 0.185608 0.02930653 0.2116583 0 0 0 0 0.003256282 0.003256282 0 0 0 0
0 0 0.02010749 0 0 0 0.006702498 0.02010749 2.278849 0.8646222 0.04691749 0 0 0.1541575 2.024154 0.1407525 0.006702498 0 0.06032248 0.2815049 0.5361998 0 0 0.2680999 0 0 0
0 0 0 0 0 0 0 0 0.0012172 0 0 0 0 0.0033864 0.0013192 3.4e-05 0 0 3.4e-05 0 0.0008092 0 0 0 0 0 0
0 0 0.00292 0.000292 0 0.013432 0.013432 0.000292 0.046428 0.05840001 0 0 0 0.056064 0.0146 0.0005840001 0 0 0 0.042632 0 0 0.042924 0 0 0 0
0 0 0 0 0 0 0 0 0.01265991 0 0.001808559 0.001808559 0 0.1808559 0.1989414 0.0307455 0.001808559 0 0.6510811 0 0.7161892 0 0 0.01085135 0 0 0
0 0 0 0 0 0 0 0 0.0006421622 0 0.0006421622 0.0006421622 0 0.1669622 0.03852973 0.01155892 0 0 0.1284324 0 0.2440216 0 0 0.05008865 0 0 0
0 0 0 0 0 0 0.01623377 0 2.62987 0.7305196 0.01623377 1.461039 0 0 0.08116883 0.08116883 0.7954546 0 0 0.1623377 9.48052 0.7954546 0 0 0 0 0
0 0 0 0 0 0 0 0 0.3146853 0.8496503 0 0 0 2.98951 0 1.510489 0.3461538 0 0 4.531468 5.97902 4.5 8.968531 1.510489 0 0 0
0 0 0 0 0 0 0 0 0 0 0 0 0 0.38685 0.038685 0.193425 1.93425 0 0.038685 0 29.01375 0 5.145105 1.93425 0 0 0
0 0 0 0 0 0 0 0 0 0 0 0 0 0 0 0 0 0 0.0061174 0.0734088 4.471819 0 0.0734088 1.492646 0 0 0
0 0 0 0 0 0 0 0 0 0 0 0 0 0 0 0 0 0 0.0449315 0.4583013 5.526574 0 0.1887123 2.76778 0 0 0
0 0 0 0 0 0 0 0 0.13755 0 0 0 0.001834 0.141218 0.034846 0.007336001 0 0 0.01834 0 0 0.289772 0.9830242 0.05502 0 0.009170001 0.15589
0 0 0 0 0 0 0 0 0 0 0 0 0 0 0 0 0 0 0 0 25.65049 0 5.130098 20.52039 0 0 0
0 0 0 0 0 0 0 0 0.1014085 0 0.1014085 0.1014085 0 0.5070423 0 1.014085 0.1014085 0 1.014085 0 19.47042 0 0 38.83944 0 0 0
0 0 0 0 0 0 0 0 0 0 0 0 0 0 0 0 0 0 0 0 9.378903 0 0 11.25468 0 1.875781 0
0 0 0 0 0 0 0 0 0 0 0 0 0 0.522225 0 0 0 0 0.104445 0 2.50668 0 0 17.75565 0 0 0
0 0 0 0 0 0 0 0 0.1801802 0 0 0 0 0 0 0.9009009 0 9.549549 0.9009009 0 18.91892 0 0 133.1532 0 16.3964 0
0 0 0 0 0 0 0 0 0 0 0 0 0 0.0395948 0 0.0395948 0 0 0 0 8.394098 2.098524 0 25.22189 0 3.801101 0
0 0 0 0 0 0 0 0 0 0 0 0 0 0 0 0 0 0 0 2.72272 0 22.10208 25.2252 0 0 0 30.03
0 0 0 0 0 0 0 0 0 0 0 0 0 0 0 0 0 0 0 0 0 0 0 196.896 0 73.83601 221.508
0 0 0 0 0 0 0 0 0 0 0 0 0 0 0 0 0 0 0 0 0 0 0 117.306 2.4696 811.2636 303.7608
0 0 0 0 0 0 0 0 0 0 0 0 0 0 0 0 0 0 0 0 0 55.2 726.8 0 9.2 2842.8 5566
0 0 0 0 0 0 0 0 0 0 0 0 0 0 0 0 0 0 0 0 0 0 0 0 0 3952.587 439.1764
0 0 0 0 0 0 0 0 0 0 0 0 0 0 0 0 0 0 0 0 0 0 0 0 0 0 0
0 0 0 0 0 0 0 0 0 0 0 0 0 0 0 0 0 0 0 0 0 0 0 0 0 0 0
0.0045 0.6616326 3.154664 0.001828 0.058756 0.3836668 0.1381598 3.879601 6.305132 8.239393 2.885318 2.828571 0.3668994 10.5452 21.04215 7.711542 6.536444 71.45045 9.147346 22.75863 105.8316 272.2209 2467.44 908.302 78.2594 5135.046 0
];

