food_web_filename = 'Tamiahua_318';
crc = 'crc_153a0ebb';
n = 13;
l = 12;
b0 = [0.0107 0.0494 0.518 0.608112335 0.0234 3 0.8 10.7631321 0.9312 1.12777412 0.7597944 2.5 5.66751084675529].';
p = [0 0 0 0 0 0 0 0 0 0 0 307.674 0].';
q = [0 0 0 0 0 0 0 0 0 0 0 0 11.4494761889661].';
r = [0.02247 0.0642200038 2.2352736 3.90554047 0.08234928 6 6.24304 172.210114 2.42112017 48.49429 3.26711583 51.279 0].';
F = [
0 0 0.00281838 0.00563676 0.00281838 0.00281838 0.0011235 0.00283122 0 0.00752424 0.0055212 0.00071583 0.00029211
0 0 0 0.009574025 0 0 0.02112208 0.03898701 0 0.01904935 0.005625974 0.003948052 0.0004935065
0 0 0 0.0577627 0 0 0.6603188 1.657181 0 0.106405 0.363601 0.106405 0.08846813
0 0 0 0 0 0.07419834 0.7547946 1.552827 0 1.881115 0.5263278 0.2177908 0.3309566
0 0 0 0 0 0 0.003006328 0.1088004 0 0.005153704 0.003435803 0.01932639 0.003578961
0 0 0 0 0 0 0.9 2.7 0 1.8 0.9 0 2.7
0 0 0 0 0 0 0 7.6884 0 1.53768 0 4.61304 1.53768
0 0 0 0 0 0 0 26.90783 0 0 0 80.72349 161.447
0 0 0 0 0 0.00921888 0 0.2430432 0 0 0 0.429935 3.508203
0 0 0 0 0 0 0 0 0 0 0 67.66645 0
0 0 0 0 0 0 0 0 0 0 0 1.937476 4.520777
0 0 0 0 0 0 0 0 0 0 0 0 0
0.00963 0.03458 0.80205 1.359496 0.05813394 2.913764 6.793395 55.96829 1.76928 13.81523 1.386625 100.6764 0
];

