food_web_filename = 'Terminos_Lagoon_243';
crc = 'crc_95e8ee3c';
n = 20;
l = 19;
b0 = [0.721 0.137 0.371 0.142 0.12 0.037 0.479 0.229 0.242 0.753 2.56 0.386 1.506 1.30993938 8.013 5.19295025 1.127 239.038 1.155 12.71].';
p = [0 0 0 0 0 0 0 0 0 0 0 0 0 0 0 0 0 3020.7710136 84.096936 0].';
q = [1.72343387681 0.131 0.053 0.056 0.046 0.012 0.18 0 0.17 0 0 0 0.213 0 0 0 0 0 0 2218.01687992234].';
r = [4.863578 0.506078 2.72892761 0.9908192 0.595367968 0.1215376 4.31042528 1.37912965 1.01707757 5.66662645 25.05472 2.419834 12.0314331 10.2591829 102.648132 148.66066 43.5351028 503.4618356 14.016156 0].';
F = [
0.08009156 0.006674297 0 0 0 0 0 0 0 0.06674297 0.1334859 0.2669719 0 0 0.04004578 0.2135775 2.522884 0.04672008 2.015638 1.281465
0.003616801 0 0 0 0 0 0 0 0 0.006329401 0.07143181 0.167277 0.0054252 0.0171798 0.3625842 0.04521 0.0262218 0.0262218 0.0018084 0.1708938
0.003577182 0.003577182 0 0 0 0 0 0 0.007154364 0.2074766 0.1609732 0.1717047 0.5365773 0.1216242 0.3970672 0.3398323 0.07154364 0.1001611 0 1.455913
0 0.00662927 0 0 0.002651708 0.001325854 0.001325854 0.001325854 0.001325854 0.2121366 0.05170831 0.06364099 0.0318205 0.001325854 0.1763386 0.2028557 0.2704742 0.01458439 0 0.2863845
0 0.007390441 0.03941568 0 0 0 0.00082116 0.00082116 0.00082116 0.1822975 0.1625897 0.2266402 0.041058 0.03530988 0.00328464 0 0 0 0 0.1207105
0 0.001406296 0.000175787 0.000175787 0 0 0.000175787 0 0.000175787 0.02988379 0.03392689 0.04130995 0.004043101 0.06451383 0 0 0 0 0 0
0 0.005674234 0 0 0 0 0 0 0 0 0.1645528 0.07376504 0.1134847 0.6979308 0.1985982 0 0.4482645 1.759013 0 2.212951
0 0 0 0 0 0 0 0 0 0.009048936 0.003619575 0.1484026 0.5212187 0 0.09410892 0.01990766 0.03438596 0.0144783 0 0.9646166
0 0 0 0 0 0 0 0 0 0.3631128 0.001506692 0 0.6493843 0.3480459 0.001506692 0 0 0.001506692 0 0.1416291
0 0 0 0 0 0 0 0 0 0 0.426439 0.2025585 2.164178 0.7782512 0.1492536 0 0 3.336885 0 3.60341
0 0 0 0 0 0 0 0 0 0 1.41737 0.0457216 0 0 4.709325 8.778547 1.005875 6.766797 0 22.99796
0 0 0 0 0 0 0 0 0 0 0 0.1104848 0 0 0 0.3840661 0 2.015032 0 2.751597
0 0 0 0 0 0 0 0 0 0 0 0 0 0 0 1.661946 0.7597469 3.347635 1.115878 16.85688
0 0 0 0 0 0 0 0 0 0.06599999 0.08249998 0.1815 0.9734998 0.7589998 0.8249998 0.8414998 1.683 2.392499 0.7919998 7.903498
0 0 0 0 0 0 0 0 0 0 0 0 0 0 3.452641 7.250547 0 5.00633 0 156.9226
0 0 0 0 0 0 0 0 0 0 0 0 0 0 5.3177 5.064477 0.2532238 5.064477 0 237.524
0 0 0 0 0 0 0 0 0 0 0 0 0 0 0 0 5.191341 0 64.89176 11.0316
0 0 0 0 0 0 0 0 0 0 0 0 0 0 0 0 0 0 0 0
0 0 0 0 0 0 0 0 0 0 0 0 0 0 0 0 0 0 0 0
0 0.2357703 0.7556629 0.278859 0.1771403 0.04092355 1.181486 0.4285104 0.3101372 3.851319 17.95678 1.141369 6.456967 3.417632 54.25648 79.7607 25.31263 2487.417 1.263697 0
];

