food_web_filename = 'Thau_217';
crc = 'crc_2f3d9ecd';
n = 11;
l = 10;
b0 = [11 6.07163858 9.169303 11.4879465 9.067725 477 13.1259594 267 15 1071 5000].';
p = [0 0 0 0 0 0 0 0 720 10795.68 0].';
q = [7 1.21 0.18 0.32 0.2 267 1 0 0 0 2967.77234674475].';
r = [26.4 17.4863186 27.50791 39.0590172 69.64013 1574.1 325.5238 4272 120 1799.28 0].';
F = [
0.44 3.96 6.6 17.6 6.6 0.44 3.96 0.44 0.44 1.32 2.2
0 0.2944745 1.472372 8.834234 3.828168 0.2944745 7.361862 1.472372 1.472372 2.944745 1.472372
0 0 0 2.292326 0.4584651 0.4584651 4.584651 4.584651 4.584651 4.584651 24.29865
0 0 0 0.9190357 0.9190357 0 11.94746 50.54696 18.38071 4.595179 4.595179
0 0 0 1.051856 1.051856 0 13.67413 42.07424 36.81496 5.25928 5.25928
0 0 0 0 0 0 0 238.5 119.25 0 2027.25
0 0 0 0 0 0 4.725345 94.50691 23.62673 89.78156 259.894
0 0 0 0 0 0 0 4806 320.4 0 10893.6
0 0 0 0 0 0 0 0 0 0 0
0 0 0 0 0 0 0 0 0 0 0
10.16 6.496653 10.08623 21.8271 22.48796 542.7071 99.75729 6509.874 75.03058 8887.915 0
];

