food_web_filename = 'USA_Mid_Atlantic_Bight_99';
crc = 'crc_66427366';
n = 55;
l = 54;
b0 = [0.028 0.0787 0.195 0.0015 0.0549032763 0.5043338 0.035 0.0132386694 0.04295262 0.08 0.004375077 0.222 0.04371905 0.5862788 4.175745 0.0138773238 0.0507710166 0.104 0.06 1.1815722 0.083 0.55 0.235 0.073 1 1.47936916 6.515378 0.06781679 0.7843155 6 2.87109828 0.361 0.339 8 0.591 0.151198268 2.532814 0.91216433 3.125352 1.25679553 0.08374231 8.4 19.664 9.727771 0.8069789 5.428968 9.353998 14.1 51.69 25 0.06757827 107.311 7.38904047 68 155.7].';
p = [0 0 0 0 0 0 0 0 0 0 0 0 0 0 0 0 0 0 0.02 0 0 0 0 0 0 0 0 0 0 0 0 0 0 0 0 0 0 0 0 0 0 0 0 0 0 0 0 0 0 0 0 11332.0416 44.33424282 4534.8384 142.3625379628].';
q = [0 0 0 0 0.0116878375 0.142836675 0.0135686 0.000957593962 0 0.0286203064 0 0.02782571 0.0188427381 0.08523142 0.0003309074 0.005201776 1.40512493e-05 0.003949106 0.0356025179 0.0799081 0.0224763937 0.203495249 0 0.002499719 0.08845619 0.001449387 0.0004369938 5.6205e-06 0.00213930383 0.141943708 1.48608923 0.08364785 0 0.2525763 0 1.40512493e-05 0.369153976 0.003644194 0.108784847 0.48682484 1.68615e-05 0.0003302049 0.5091347 26.6831842651 0 0 1.124101e-05 0 0 0 0 0 0 0 10842.117673552].';
r = [1.597043 1.69204986 1.69065 0.0033495 0.117493 1.07423091 0.1001 0.0407751 0.585014641 0.176 0.02175288 0.21978 0.07956867 2.13170958 3.9252 0.05262281 0.345242918 0.303055972 0.196896 2.44585443 0.254809976 0.777700067 0.5029 0.5464488 2.67999983 3.92032814 21.1967 0.366210669 7.15766335 18.0600014 58.65654 1.950122 1.596012 16 4.926103 0.6971147 9.87797451 5.92906761 14.2766075 5.70585155 0.229453921 11.676 292.619965 53.5027351 62.4960327 41.8573341 114.492935 140.774414 429.673126 1187.5 2.01045322 1888.6736 7.38904047 755.8064 0].';
F = [
0 0 0 0 0 0 0 0 0.01493187 0 0 0 0 0 0 0 0 0 0 0 0 0 0 0 0 0.2602411 0.2602411 0 0 0 0 0 0 0.5546122 0 0 0.5610117 0.01066562 0 0 0 0 0 0 0 0 0 0.02986374 0.4372904 0.004266249 0 0 0 0 0
0 0 0 0 0 0 0 0 0.021249 0 0.0021249 0 0 0 0 0 0 0 0 0 0 0.021249 0 0 0 0.21249 0.21249 0 0 0.084996 0 0 0 1.357811 0 0 0.21249 0 0 0 0 0 0 0 0 0 0 0 0 0 0 0 0 0 0
0 0 0 0 0 0 0 0 0.021255 0 0 0 0 0 0 0 0 0 0 0 0 0 0 0 0 0 0 0 0 0 0 0 0 1.254045 0 0 0.21255 0 0 0 0 0 0 0 0.21255 0.21255 0 0 0.106275 0.106275 0 0 0 0 0
0 0 0 0 0 0 0 0 1.86e-05 0 4.65e-06 0 0 0 0 0 0 0 0 0 0 0.00086025 1.86e-05 0 6.51e-05 0.0002046 0.00089745 0 0 6.51e-05 0.00112995 0 0 0.000372 1.395e-05 0 0.0006882 0 1.86e-05 0 0 0 0 0 0 0 0.000146475 0.000146475 0 0 0 0 0 0 0
0 0 0 0 0 0 0 0 0.0007906416 0 0 0 0 0 0 0 0 0 0 0 0 0 0 0 0 0 0 0.004441806 0 0.05457633 0 0 0 0.02966105 0 0 0.009887017 0.01977403 0.01977403 0.009887017 0 0 0.01332542 0.004441806 0.01110452 0 0.01110452 0.008883613 0 0 0 0 0 0 0
0 0 0 0 0.0156437 0 0 0.0156437 0.01407553 0 0 0 0.0156437 0.007819628 0.0156437 0 0 0 0 0.1241228 0 0.03127084 0.0312874 0 0.09929821 0.04964911 0.04964911 0.0312874 0.0312874 0.1407933 0 0.0312874 0.01563462 0.2345922 0.09383704 0 0.2820077 0 0 0 0 0 0 0 0 0.01563926 0 0 0.2173212 0 0 0 0 0 0
0 0 0 0 0 0 0 0 0.001435 0 0 0 0 0 0 0 0 0 0 0 0 0 0 0 0 0 0 0 0 0 0 0 0 0.012915 0 0 0 0.007175 0.007175 0 0 0 0 0.007175 0 0.01435 0.04305 0.050225 0 0 0 0 0 0 0
0 0 0 0 0 0 0 0 0.00050944 0 0 0 0 0 0 0 0 0 0 0 0 0 0 0 0 0 0 0 0 0 0 0 0 0.002911086 0 0 0.003384983 0.002369488 0.002369488 0.001184744 0 0 0.006769967 0.003384983 0 0 0.03638857 0.0110012 0.002538738 0 0 0 0 0 0
0 0 0 0 0 0 0 0 0 0 0 0 0 0 0 0 0 0 0 0 0 0 0 0 0 0 0 0 0 0 0 0 0 0 0 0 0 0.02486957 0 0 0 0 0.117716 0 0 0 0.04973914 0.08041161 0.06631885 0 0 0 0.01243478 0 0.4774957
0 0 0 0 0 0 0 0 0 0 0 0 0 0 0 0 0 0 0 0 0 0 0 0 0 0 0 0 0 0 0 0 0 0 0 0 0.01759722 0 0 0 0 0 0 0.08103983 0 0 0.1620797 0.01157712 0.07525127 0.00578856 0.08666631 0 0 0 0
0 0 0 0 0 0 0 0 0 0 0 0 0 0 0 0 0 0 0 0 0 0 0 0 0 0 0 0 0 0 0 0 0 0 0 0 0 0 0 0 0 0 0 0 0.003123805 0.003123805 0.003123805 0.01561902 0.00624761 0 0 0 0 0 0
0 0 0 0 0 0 0 0 0 0 0 0 0.006216 0 0.006216 0 0 0 0 0.006216 0 0.003108 0.003108 0.001554 0.01554 0.006216 0.021756 0.01554 0.01554 0 0.017094 0.01554 0.01554 0.071484 0 0 0.01554 0.01554 0.01554 0 0 0 0 0 0.01554 0 0 0.01554 0.012432 0 0 0 0 0 0
0 0 0 0 0 0 0 0 0 0.005883144 0 0 0 0 0 0 0 0 0 0 0 0.001529618 0 0 0 0 0.003922097 0 0 0 0 0 0.003922097 0.1000135 0 0 0.01372734 0.003137677 0.003137677 0.001568839 0 0 0 0 0 0.005883144 0 0.007844194 0.002447388 0 0 0 0 0 0
0 0 0 0 0 0 0 0 0 0 0 0 0 0 0.05950875 0 0 0 0 0 0 0.02796536 0 0 0.1388538 0 0 0 0 0.396725 0 0 0.02796912 0.7339414 0 0 0.2777075 0.063476 0.063476 0.031738 0 0 0.238035 0 0.09918126 0 0 0 0.1537734 0 0.4562338 0 0 0 0.02796536
0 0 0 0 0 0 0 0 0 0 0 0 0 0 0 0 0 0 0 0 0 0 0 0 0 0 0 0 0 0 0 0 0 0 0 0 0 0.2254428 0.2254428 0.1502952 0 2.825492 0.9168006 0 0 0.2254382 0.9867866 0.6831599 0.7514607 0 0 0 0.3005842 0.07514606 0.1502921
0 0 0 0 0 0 0 0 0 0 7.341104e-05 0 0 0 0 0.0002936442 0.005285595 0.002422564 0.00278962 0 0 0 0 0 0 0 0.008148626 0 0 0.01615043 0.004478074 7.341104e-05 0 0.004478074 0.01416833 0 0.007781571 0.001688454 0.002275742 7.341104e-05 0 0 7.341104e-05 7.341104e-05 0 0 0 0.0005872883 0.00139481 0.001101166 0 0 0 0 0
0 0 0 0 0 0 0 0 0 0 0 0 0 0 0 0 0 0 0 0 0 0 0 0 0 0 0.1929096 0 0 0.02522304 0.0910832 0 0 0.0910832 0.01494699 0.003269653 0.008874774 0.01821664 0.002335467 0 0 0 0 0 0 0 0 0.0140128 0.002335467 0.00280256 0 0 0 0 0
0 0 0 0 0 0 0 0 0 0 0.00043472 0 0 0 0 0 0.0043472 0.021736 0 0.065208 0 0 0 0.0043472 0.021736 0.0086944 0.08085792 0 0.0130416 0.01130272 0.01260688 0 0.02999568 0.01260688 0 0 0.0478192 0.02086656 0.021736 0.021736 0.021736 0.0043472 0.00043472 0 0 0 0 0.00043472 0 0 0 0 0.0086944 0 0
0 0 0 0 0 0 0 0 0 0 0.00027612 0 0 0 0 0 0.0055224 0.0082836 0.0055224 0.0027612 0 0 0 0.00497016 0.00027612 0.00331344 0.03561948 0 0.01021644 0.04611204 0.01504854 0.00027612 0.0027612 0.01504854 0.05826132 0 0.0331344 0.006350761 0.00855972 0.00027612 0 0 0 0.00027612 0 0 0 0.00220896 0.0055224 0.0055224 0 0 0 0 0
0 0 0 0 0 0 0 0 0 0 0 0 0 0 0.01420688 0 0 0 0 0 0 0.01875762 0 0 0.0599353 0.02131032 0.04128876 0 0 0 0 0 0.03995686 0.2996952 0 0 0.0375182 0.07503641 0.07503641 0.07503641 0 0 0.8254005 0 0.201036 0 0.3443734 0.3660579 0.1688185 0 0 0 0 0 1.088027
0 0 0 0 0 0 0 0 0 0.041907 0 0 0 0 0.01862533 0 0 0 0 0 0.027938 0.01909096 0 0.003819124 0.003818193 0 0.003818193 0 0 0.01145737 0.005728686 0.003818193 0 0.1672776 0 0 0.07450132 0 0 0 0 0 0 0 0 0 0 0 0 0 0 0 0 0 0
0 0 0 0 0 0 0 0 0 0.002837401 0 0 0 0 0 0 0 0 0 0 0 0.01418881 0.01418881 0.007094997 0 0 0 0 0 0.1135079 0.07093502 0 0 0.3064928 0 0 0.02838382 0.02838382 0.02838382 0.02838382 0 0.001418701 0.07093502 0 0.1688641 0.007094997 0.1305204 0.198747 0.1986388 0 0 0 0 0 0
0 0 0 0 0 0 0 0 0 0 0 0 0 0 0 0 0 0 0 0 0 0 0 0 0 0 0 0 0 0 0 0 0 0 0 0 0 0.01833005 0.01480504 0.009165023 0 0 0 0 0.3242245 0.07051882 0 0.2115565 0.05640015 0 0 0 0 0 0
0 0 0 0 0.007202628 0.007202628 0 0 0 0.007202628 0 0 0 0.007202628 0.02483151 0 0 0.002881052 0 0.01440526 0 0.007196322 0 0 0.01655434 0.01439131 0.01439131 0.007196322 0.01439131 0.1569551 0.007196322 0.007195657 0 0.04966302 0.1079972 0 0.03599888 0.02879911 0.02879911 0.01439955 0.007196322 0 0 0 0.0007199815 0.007199815 0 0 0.04317917 0 0 0 0 0 0.0792125
0 0 0 0 0 0 0 0 0 0.02057463 0 0 0 0 0 0 0 0 0 0.01415123 0 0.004098754 0 0.004098754 0 0 0 0 0 0.03174465 0 0 0 0.2384341 0 0 0.08225816 0.08225816 0.08224489 0.07958445 0 0.2301952 0.2385486 0.1716361 0.07171159 0.1827324 1.25012 0.6148131 0.4549616 0 0 0 0 0 0.2458338
0 0 0 0 0 0 0 0 0 0 0 0 0 0 0 0 0.01184093 0 0 0 0 0 0.01183501 0 0 0.0532842 1.52156 0.04734005 0.2308982 0.5920465 0.5713249 0.01184093 0.08288652 0.6926945 0.04736374 0.06512514 0.0177614 0.4144327 0.2960233 0.02368187 0.06512514 0.04144326 0 0 0 0 0 0.4144327 0.177614 0.5091601 0 0 0.01184093 0 0.005920467
