food_web_filename = 'USA_South_Atlantic_Continental_467';
crc = 'crc_bed82ac1';
n = 42;
l = 41;
b0 = [0.005 0.1043 0.0237 0.0584 0.207 0.124645814 0.068 0.125040531 0.232 0.07242846 0.202893838 0.001 0.140396759 0.7218 0.6020027 1.9 0.345910043 0.4647 0.3639498 0.1444 0.113960981 0.007 2.416358 2.844819 9.416138 22.2396641 25.0646648 0.270184368 9.260559 7.63923454 0.8897706 25 78.60453 67.3141 55 6e-04 36.5 52.09632 37 5.644837 26.5068989 518].';
p = [0 0 0 0 0 0 0 0 0 0 0 0 0 0 0 0 0 0 0 0 0 0 0 0 0 0 0 0 0 0 0 0 0 0 0 0 0 250.062336 2467.4634 2253.41915619348 232.200434364 0].';
q = [0.00418408385439949 0.0311933302144686 0.00445877461854707 0 0.0193398363605963 0.00846998862531352 0.0045799943108973 0.00349999566659668 0.0156199859147023 6.99998838310134e-05 0.00207999716537152 0 0.00190999719712044 0.05517991455872 0.00194999753521814 0.00208999769947647 0.0104099853469462 7.99998808205995e-05 0.00197999687035812 0 0 9.99998660282175e-06 0.0187699765801489 0 0.00255999788815418 0.037499950511814 0.219259770365061 0 0.239529620363995 0.0825598911098378 0.00242999745784648 0.00412999274886859 0.00158999673100151 0 0.00800998824126108 0 0 0 0 0 0 1806.09515935605].';
r = [0.0172082928154912 0.27900508184442 0.206854201571713 1.25559846289924 1.24612939174064 0.411330647607622 0.462399444624193 0.46890143552191 2.30607767715264 0.277762760463564 1.14431976051644 0.0638998976647299 0.92577484144545 3.89915754116973 5.49386900866488 45.5429498695008 2.514070791204 3.14508494462629 1.91073341983799 1.25194681792294 0.387466946231495 0.0182559767421098 14.9765686132955 13.1163028178104 39.8678947113608 109.685875249009 185.428203563114 2.16147284951909 46.2416030106198 78.5312346988614 12.3135228181489 25.4999517855145 361.58009759923 527.203271527505 565.45409931438 0.0174600014678772 473.769538158974 41.6770652219115 411.243827867346 375.569862203564 38.7000729203164 0].';
F = [
9.60060276846286e-05 0.000801108046986176 0.00100237531189976 0 0.00383445035744767 0 0.00190401663489964 0 0.00200979609760176 0 0 0 0 2.64446780942356e-05 0 0.00280313591450371 0 0 2.6444678200756e-05 0 0 0 0 0 0.00510382478964846 0.00092556377854579 0.00322625173879934 0 0.000819784700704373 0.000608227631683115 0.00200979589744236 0 2.6444665630346e-05 0.000211557391224234 2.64446778774986e-05 0 0.000899119503225989 5.28894317028792e-06 0 0 0 0
0 0.0200110052176755 0 0 0.00261582173159389 0.0217986707256933 0.00435973458449594 0.00828349702806939 0.00871947174647234 0.0217986655054272 0.00871946811707387 0 0.00435973360218526 0 0.0130792022606766 0.047957087212187 0.0217986693162802 0.0653960025766501 0.0217986655443816 0 0 0 0.0348778764818491 0 0 0.0435973424651669 0.0252864644396156 0 0.0217986654507938 0.0209267235652341 0.00305181480732927 0.00435973208160274 0 0.000435973463680752 0.000435973405558174 0 0 0.00871948192936548 0 0 0 0
0 0.00782975985259605 0.00567301301112475 0 0.0284381779067079 0.00199015232734484 0.00568728893545611 0.000852922473225476 0.0190486219692829 0 0.00341168935053607 0 0.00511753549012739 0.000284307549469835 0.0105193757325696 0.0341260624364133 0.000284307599809759 0.00284307476454437 0.000284307550615039 0 0 0 0.00739199477679101 0 0.0602894002648348 0.00995076586810661 0.030989528674772 0 0.00881353003123354 0.00653907473980058 0.0193329297747626 0 0.000284307415470174 0.00227446068034128 0 0 0.0113723099221839 5.68615725817974e-05 0 0 0 0
0 0 0 0 0.0157678657686668 0 0 0 0.0268055846268306 0.00157679750484926 0.00315359670226576 0 0 0.126143800105248 0.00157679786138889 0.640180095334452 0 0.0315359530194803 0.00157679750766701 0 0.20656058208345 0 0.0362663647493916 0 0.0252287891877512 0.121413439772298 0.107222291616205 0 0.00157679750089737 0 0.187639003700554 0.00157679713612995 0 0 0.00157679748839238 0 0.0173447846295475 0 0 0 0 0.0220751333941581
0 0 0.00495567605594266 0 0 0 0.00830040368953981 0.0166091100054383 0.0116263789949021 0 0 0 0.00331208313958965 0.0132872889441944 0.146160201762903 0.0830455385892698 0 0 0 0 0.0249136637166714 0 0.1893438637501 0 0.277372271184393 0 0.842082348795651 0 0.000166091036758496 0.0116263753134912 0 0 0 0.0115923430805504 0 0 0.0115922997272352 0 0 0 0 0
0 0 0 0 0.000623223794515921 0.0124645632608395 0.00436259758093963 0.0218129937408417 0.00311614205037583 0.0224362144965591 0.00436259705463523 0 0.0218129879899121 0 0.0180736154867534 0.0137110249078612 0 0.010594874216342 0.0436259610435099 0 0.0386401592355419 0.000623228265048866 0.0373936933427906 0.022436214621887 0.00311614242936805 0.00249291271013625 0.0535976458217486 0 0.149574762935518 0.0386401511895234 0.0747874117607896 0.00685550754863116 0.0118413256544935 0.00623228190375616 0 0 0 0 0 0 0 0
0 0 0 0 6.25845072201068e-05 0 0 0 0.0337958880100694 0 6.25849547089727e-05 0 0 0 0 0.0118911469110558 0 0 0 0 0 0 0.180244675103425 0.00438094609198951 0.0200271934787579 0 0.244081353274594 0 0.00312924704038439 0.0244081391674885 0.0782312081580455 0 0 0.0187754825964951 0 0 0.0062584974538984 6.25850538482359e-05 0 0 0.000187755102553447 0
0 0 0 0 0 0 0 0 0 0.0256726893751071 0.0310774676475024 0 0.00135043701826289 0 0.0803960609588141 0.00270239002539775 0 0 0.0128363397105001 0 0.02025778862851 0 0.0472918009926309 0.0131741392266122 0.00810717131206642 0.0189167250358495 0.11890517980676 0 0.140524177279999 0.0351310556222345 0.0513453962847668 0.0121607479129471 0 0.0263340615644721 0.00337609162238017 0 0.0202565620492136 0 0.00202565864469708 0 0 0.00337608681355626
0 0 0 0 0 0 0 0 0.0313199703536809 0 0 0 0 0 0 0.967786934727718 0 0 0 0 0 0 0 0 0.723491403162674 0.344519545342137 0.313199683407528 0 0 0.0313199604364334 0 0 0 0 0 0 0.720359361638119 0 0 0 0 0
0 0 0 0 0 0 0 0 0 0 0 0 0 0 0.0528726982887537 0 0.052872695576605 0.026436340616601 0.052872686427861 0 0 0 0.0528727040291743 0.0211490766514857 0 0 0.0264363532772704 0 0.0528726862008636 0.0528727032108762 0.0528727146869553 0.0158618011908804 0.0158617973884916 0 0.05287268578155 0 0 0 0 0 0 0
0 0 0 0 0.0033301446505859 0.00666033805556565 0.00333016886338511 0.0166508399552025 0.0149857658150314 0.0183159210165803 0.0149857595773467 0 0 0.0666033544564773 0.0632732041825465 0.00499525250157484 0 0 0.0066603364724743 0 0 0 0.179829075621981 0.0183159211188924 0.013320679011233 0.168173478063697 0.316365980206932 0 0.194814791233557 0.243102292911689 0.0749288116128635 0.0116555788304644 0 0.131541608010202 0 0 0.0649383124535232 0.00333017373686972 0 0 0.00166508702264499 0.00166508197605814
0 0 0 0 0 0 0 0 0 0.00479999240441176 0 7.9999871880726e-05 0 0.0179199716029779 0.00879998806457526 0 0.00479999324354869 0 0 0 0 0 0 0 0 0 0.0179999818050303 0 0.00479999239238166 0.00479999393661814 0 0 0 0 0.00479999235431471 0 0 0 0 0 0 0.0111999662070818
0 0 0 0 0 0.0294010005162205 0 0 0 0 0.0612520765254244 0 0.00122547620164019 0.00980033046983024 0.183845850649853 0.00122504165155969 0 0 0 0 0 0 0.171540085964397 0 0 0.0735171829803513 0.0808527682713804 0 0.159311847502989 0.0416514173856734 0.0330761253972524 0.00857528542507123 0 0.368917361551591 0 0 0.00122504191440286 0 0 0 0 0.000245007860753965
0 0 0 0 0 0 0 0 0 0 0.02648988389948 0 0.008839778027817 0 0.116452142055947 0.0105865683470448 0 0 0 0 0 0 0.148211915071641 0.0645780081714112 0 0.481688564322007 0.730472861614167 0 0.359943029518014 0.809872076964612 0.0793992369361065 0 0.344062992614015 1.58798368227962 0.0529550256503947 0 0.291130542008433 0.0105865823425 0.0317878944243657 0 0.0370530105039166 0.105909880445113
0 0 0 0 0 0 0 0 0 0 0 0 0.00081658970167228 0 0.000816589792459179 0 0 0 0.000816589609274204 0 0 0 0.23681110452383 0.326635884950494 0 0.293972412048517 0.000816590074564075 0 2.11496764793913 1.11872858681517 0 0.792091861357003 0.253142679544189 2.20479278202413 0 0 0.685935792143302 0.13882053071691 0 0 0 0
