food_web_filename = 'Venezuela_shelf_282';
crc = 'crc_10d260a5';
n = 16;
l = 15;
b0 = [0.082 0.55 0.75 6.67 0.8 0.267 0.85 0.38 0.48 0.23 33.3 8.16 13.4 45 11.2 135].';
p = [0 0 0 0 0 0 0 0 0 0 0 0 0 3780 168 0].';
q = [0.017 0.183 0.175 0.307 0.02 0.053 0.833 0.072 0.128 0.093 2.667 0 0.68 0 0 1858.59859952495].';
r = [0.2624 2.3001 2.99249983 37.5574341 5.2952 7.34249973 4.04804 1.95015991 2.29151988 0.7544001 223.975784 1044.00012 93.40336 630 28 0].';
F = [
0.0101475 0.01107 0.020295 0.05535 0 0 0.0208485 0.00738 0.00738 0.02583 0.092619 0 0.11808 0 0 0
0 0.06534 0.03267 0.3267 0.19602 0.0735075 0.0081675 0.0441045 0.03267 0.016335 2.422481 0 0.049005 0 0 0
0 0 0.0924 0.336 0.042 0.084 0.105 0.0966 0.0924 0 1.6716 0 1.68 0 0 0
0 0 0 1.774453 0 0 0 0 0 0 18.50501 25.34933 5.069867 0 0 0
0 0 0 0 0.1806 0 0 0 0 0 2.81736 4.22604 0 0 0 0
0 0 0 0 0 0.19491 0 0 0 0 3.995655 4.48293 1.072005 0 0 0
0 0 0 0 0 0 0.3195022 0 0 0 1.278009 0.426003 4.402031 0 0.5325037 0.142001
0 0 0 0 0 0 0.027322 0 0 0 0.710372 0.300542 1.584676 0 0.054644 0.054644
0 0 0 0 0 0.032064 0.16032 0 0 0 0.737472 0.32064 1.955904 0 0 0
0 0 0 0 0 0 0.02254 0 0 0 0.2254 0.1127 0.76636 0 0 0
0 0 0 0 0 0 0 0 0 0 0 183.1234 0 143.8826 0 0
0 0 0 0 0 0 0 0 0 0 0 91.36001 0 2169.8 22.84 0
0 0 0 0 0 0 0 0 0 0 0 8.35021 21.71055 33.40084 61.79155 41.75105
0 0 0 0 0 0 0 0 0 0 0 0 0 0 0 0
0 0 0 0 0 0 0 0 0 0 0 0 0 0 0 0
0.0794525 0.70749 0.887135 10.34173 1.49018 1.965519 1.55531 0.5619555 0.65443 0.237435 67.90722 921.9484 34.51237 802.9164 54.78129 0
];

