food_web_filename = 'Virgin_Islands_324';
crc = 'crc_39410c3f';
n = 21;
l = 20;
b0 = [0.015 4 8 4.4 1 30 20 75 120 10 30 0.07 600 430 1000 10 100 60 25 1375 2000].';
p = [0 0 0 0 0 0 0 0 0 0 0 0 0 0 0 0 0 0 2100 21862.5 0].';
q = [0 0 0 0 0 0 0 0 0 0 0 0 0 0 0 0 0 0 0 0 157.232369231747].';
r = [0.878999949 5.87999964 50.08 29.216 3.68 427.2 186.6 390 768 86.4 2610 0.182 1200 1333 6400 281.4 1719 4320 350 3643.75 0].';
F = [
0 0 0 0.12 0 0.36 0.48 0.108 0 0.0492 0.06 0 0 0 0 0.0024 0.0204 0 0 0 0
0 0 0 0 0.092 0 0 4.5264 3.6984 0 0 0 0 0 0 0 0.8832 0 0 0 0
0 0 10.296 0 0 6.084 6.084 0.9360001 11.7 0.468 18.72 0 0 39.312 0 0 0 0 0 0 0
0 0 0.8223599 0.03916 0 8.341079 2.7412 4.894999 1.5664 3.1328 0.7831999 0 0 0.7048799 0 8.693519 7.440399 0 0 0 0
0.0147 0.1666 0.1176 0.049 0.049 0.3577 0.0735 0.6860001 0.7840001 0.4116 0 0 0.1029 1.3181 0.0539 0.049 0.588 0 0 0 0.07840001
0 0 0 0 0 2.406 0 0 7.218001 0 585.861 0 0 0 3.609 0 0 1.203 1.203 0 0
0 0 0 0.254 0 10.16 0.508 0 1.27 0 182.88 0 0 49.784 0 0 5.334 0 0 3.81 0
0 0 5.475 0.5475 0 16.425 2.19 27.375 38.325 5.475 65.7 0 65.7 180.675 38.325 4.38 49.275 0 0 47.6325 0
0 0 2.4 0 0 6 0 6 48 2.4 84 0 156 384 42 1.2 38.4 60 6 240 123.6
0 0 0 0 0 0.256 0 0.8959999 10.24 1.92 20.48 0 5.504 28.16 6.399999 2.048 0 0 0 27.648 24.448
0 0 0 0 0 0 0 0 0 0 0 0 0 0 0 0 0 3960 990 0 0
0 0 0 0 0 0 0 0 0.030625 0 0 0 0.0098 0.011025 0.098 0 0 0 0 0.09555 0
0 0 0 0 0 0 0 0 7.2 0 7.2 0 141.6 124.8 472.8 0 0 52.8 7.2 1329.6 256.8
0 0 0 0 0 0 0 0 30.1 0 18.06 0 6.02 195.65 177.59 0 0 511.7 252.84 538.79 1279.25
0 0 0 0 0 0 0 0 0 0 225 0 0 0 0 0 0 171 99 756 7749
0 0 0 0 0 0 0 0 0 0 1.498 0 0.3745001 0.3745001 0 0 0 0 0 370.006 2.247
0 0 0 0 0 0 0 0 2.28 0 0 0 0 0 11.4 0 0 0 0 2065.68 200.64
0 0 0 0 0 0 0 0 0 0 0 0 0 0 0 0 0 0 0 0 12900
0 0 0 0 0 0 0 0 0 0 0 0 0 0 0 0 0 0 0 0 0
0 0 0 0 0 0 0 0 0 0 0 0 0 0 0 0 0 0 0 0 0
0.3063 3.1534 24.40904 8.93434 1.079 123.9102 55.3233 112.0776 269.5876 27.7434 1129.758 0.063 824.6888 672.2105 1847.724 76.72708 459.059 3823.297 393.7569 12839.49 0
];

