food_web_filename = 'West_Scotland_461';
crc = 'crc_ac1a0b5b';
n = 37;
l = 36;
b0 = [0.210654184 0.027 0.005532241 0.280357659 2.83895135 4.35059452 0.694878936 1.52177656 2.49695468 0.273819417 4.69964075 0.250386566 0.15 0.7668007 0.2076008 0.04172959 0.8747615 2.00042319 1.77368677 0.492661923 2.2 0.429574966 0.39900288 0.9500684 1.55951893 3.92599058 4.11659145 7.67788839 17.58141 2.45944643 6.734045 10 8.320794 10.584 1.63904572 80 90.5332857879164].';
p = [0 0 0 0 0 0 0 0 0 0 0 0 0 0 0 0 0 0 0 0 0 0 0 0 0 0 0 0 0 0 0 0 0 0 0 6720 0].';
q = [0 0 0 0.03247029 0.13529475 0.135839686 0.0169771034 0.0222350955 0.0356967375 0.0189771019 0.0919771045 0.08354205 0.0142350942 0.09297585 0.03823509 0 0.3857427 0.2682688 0.0202350952 0.0152350944 0.120175675 0.0003954205 0 0.025 0.0253954045 0.120192282 0.03163362 0.10845048 0.03954205 0 0 0 0 0 0 0 4136.78098230796].';
r = [2.00753427 0.14391 0.2323541 0.305589855 3.463521 5.583263 1.55652869 1.03480816 5.71203375 0.6430375 6.80272961 4.882538 0.35004 1.68696153 1.73000646 0.0857960358 1.87111473 3.240686 3.12346268 0.6700202 11 1.54646993 1.99501443 4.940356 7.64164257 14.9187641 36.2260056 101.348129 116.0373 48.6970367 121.2128 83.33333 329.503448 465.695984 72.11801 1120 0].';
F = [
0.001377673 0 0.001276559 0.001276559 0.976363 0.8747944 0 0.0002553118 0.02564747 0 0 0.002553118 0 0.02564747 0.001276559 0.01273526 0.03526842 0.1264501 0.002553118 0.002553118 0 0.001276559 0.01888549 0.06027887 0.002553118 0.3548278 0 0 0 0 0 0 0 0 0 0 0
0 0 0.0001794487 0 0.0001794487 0.0115321 1.829243e-05 0 0.0003385928 0.0001831072 0.1164736 0 0 1.829243e-05 0.0001794487 0.0008968778 0.0001794487 0 0 0 0 0 0.0009005362 0.01395895 0.0009005362 0.0001776195 0 8.96329e-05 0.000302008 0 0.02367168 0 0.01274543 0 0 0 0
0 0 0 2.66492e-05 0.001288045 0.02750494 0 0 0.0008853456 0 0.000127324 0.01480511 0.001184409 0.0001214019 0.000127324 0 0 0 0.009771373 0.0005922044 0.000127324 0.001199214 0 0.02961022 0.02961022 0.08735015 0.03257124 0.001258434 0.001258434 0 0 0.0532984 0 0.003257124 0 0 0
0 0 0 0 0.07095292 0.01063789 0.000529876 0 0.04714382 0 0 0.002654426 0 0.01199538 0 0 0 0 0 0 0.004799162 0.00212455 0.1168856 0 0 0 0.0818078 0.1041181 0.05099425 0 0 0 0 0 0 0 0
0 0 0 0.006813477 0.3297246 0.8380985 0 0 0.06130085 0.0476739 0.8173242 0 0 0.09262922 0 0 0 0.09058517 0 0 0 0.1362218 0 0.3405512 0.8854318 2.315751 0 0.4767731 0.2383831 0.1362218 0 0 0 0 0 0 0
0 0 0 0 0.08933219 0.2233305 0 0.5583262 0.5583262 0 1.116652 0.446661 0.03349957 0 0.8933219 0 0.3349957 0 0.08933219 0.06699914 0.8933219 0 0 0.5583262 0.5359932 0.3349957 0.5583262 1.83131 1.004987 0.08933219 0.5583262 0.3349957 0 0.05583262 0 0 0
0.01041896 2.084626e-05 0.002084626 0.001042313 0.06042498 0.04208861 0.08542799 0.002084626 0.04890117 0.002084626 0 0.01956422 0.002084626 0.004667479 0.001063159 0.008334336 0.03465066 0.02083584 0 0 0 0.004667479 0.3135591 0.04252638 0.2008996 0.6590171 0 0.2262779 0.2083584 0.08334336 0 0.0002084626 0 0 0 0 0
0 0 0 0.002206576 0 0 0 0 0 0 0.02206576 0.05295782 0.01103288 0 0 0 0 0 0.04413152 0.04413152 0.2868549 0.02206576 0 0.1103288 0.08826304 0.2868549 0.08826304 0.2206576 0.8384989 0 0 0.08826304 0 0 0 0 0
0 0 0 0.009480937 0 0 0 0 0.7308854 0.1490403 1.016641 0 0.01611759 0.1908513 0 0.004740468 0.05660119 0 0.3590431 0 0.1330175 0.1405075 0.1727427 0.4124208 0.009480937 0.8780296 0.1331124 0.5055236 3.857698 0 0 0.7050025 0 0 0 0 0
0 0 0 0.001101576 0 0 0 0 0.05728193 0 0.01321891 0 0 0.0407583 0 0 0 0.06609453 0.02203151 0.008812605 0 0.2203151 0.005507878 0.03304727 0.09914181 0.1652364 0 0 0.1266812 0.2203151 0.02203151 0 0 0 0 0 0
0 0 0 0.01374151 0 0 0 0 0 0 0.463538 0 0.06734703 0.03374154 0 0 0 0.4081638 0.7914296 0.1730615 1.297825 0.06734703 0.3710209 0.3710209 0.08843549 0.3710209 1.854832 3.153474 1.297825 0 0.463538 1.85456 0.463538 0 0 0 0
0 0 0 0 0 0.7867646 0 0 0 0 0 0.03755798 0 0 0 0 0 0 0 0 0.7866895 0 0 0 0 0 1.573454 1.573454 1.180147 0 0 0.7867646 0 0.3933823 0.3933823 0 0
0 0 0 0.000602043 0.05169169 0.02128152 0 0 0.008876634 0 0.01036074 0 0 0.002443174 0 0 0 0 3.50025e-05 3.50025e-05 0 0.0028072 0 0.0574531 0.004025287 0.02128152 0.03799871 0.03040317 0.2607266 0 0.1520299 0.03799871 0 0 0 0 0
0 0 0 0 0 0.1224734 0 0 0 0 0.05665124 0 0.009937737 0.001318897 0 0 0 0 0 0 0 0.02852499 0 0.09201608 0.2453762 0.00180965 0.3680643 0.650247 1.134374 0 0 0.356409 0 0 0 0 0
0 0 0 0 0 0 0 0 0 0 0 0.3460013 0 0 0 0 0 0 0 0 0 0 0 0 0 0 0.3460013 1.384005 0.3460013 0 0 0.3460013 0 0.3460013 0.3460013 0 0
0 0 0 0 0.001495705 0 0 0 1.489746e-05 1.489746e-05 0 0 0 2.979493e-05 0 0 0.001036863 0 0 0 0 2.979493e-05 0 0.007597706 0.001787696 0.03724366 0 0 0.01636784 0.06703859 0.01631719 0 0 0 0 0 0
0 0 0 0 0.03800839 0.02280503 0 0 0.01838224 0 0.03455308 0 0 0.02418716 0 0 0 0.06910616 0 0 0 0.03455308 0 0.03455308 0.0348295 0.06910616 0 0 0.639232 1.416676 0.6565085 0.01727654 0.3455308 0 0 0 0
0 0 0 0 0 0 0 0 0 0 0 0 0 0.07651819 0 0 0 0 0 0 0 0.09566224 0 0 0.09566224 0 0 0 0.5967142 2.441214 1.193428 0.05429949 1.247728 0 0 0 0
0 0 0 0 0 0 0 0 0 0 0 0 0 0 0 0 0 0 0 0 0 0 0 0 0 0 1.024064 1.893262 0.8026543 0 0 2.346029 0 0 0 0 0
0 0 0 0 0 0 0 0 0 0 0 0 0 0 0 0 0 0 0 0 0 0 0 0 0 0 0.04292513 0.09109121 0.7618514 0.09601291 0 0.3383065 0 0 0 0 0
0 0 0 0 0 0 0 0 0 0 0 0 0 0 0 0 0 0 0 0 0 0 0 0 0 0 3.550401 2.79842 0 3.88304 7.101219 1.116521 3.550401 0 0 0 0
0 0 0 0 0 0.008359529 0 0 0 0 0 0 0 0 0 0 0 0 0 0 0 0 0 0 0 0 0.1563653 0 0.5810173 0.607419 1.653864 0 0 0 0 0 0
0 0 0 0 0 0 0 0 0 0 0.00776861 0.00776861 0.00776861 0.01553722 0 0 0 0.07773398 0.03107843 0.03107843 0.00776861 0.01553722 0 0.07773398 0.01553722 0.07773398 0 0.00776861 0 0 2.409466 0.08054296 1.111438 0.00776861 0 0 0
0 0 0 0.009738203 0 0 0 0 0 0 0 0 0 0 0 0 0 0 0 0 0 0 0 0 0 0 0 0 3.924495 0.146073 5.638419 0.009738203 0.009738203 0 0 0 0
0 0 0 0 0 0 0 0 0 0 0 0 0 0 0 0 0 0 0 0 0 0 0 0 0 0 0 0 3.025264 0.1325591 10.09809 0 0 0 0 0 0
0 0 0 0 0 0 0 0 0 0 0 0 0 0 0 0 0 0 0 0 0 0 0 0.01374097 0.007145303 0 0 0 4.225622 5.159733 17.89651 0 0 0 0 0.1791822 0
0 0 0 0 0 0 0 0 0 0 0 0 0 0 0 0 0 0 0 0 0 0 0 0 0 0 5.269237 15.80771 0 0 0 2.634619 0 26.34619 0 0 15.80771
0 0 0 0 0 0 0 0 0 0 0 0 0 0 0 0 0 0 0 0 0 0 0 0 0 0 0 11.00088 0 0 0 4.243722 18.07314 58.05774 23.22346 0 69.67039
0 0 0 0 0 0 0 0 0 0 0 0 0 0 0 0 0 0 0 0 0 0 0 0 0 0 0 1.898792 23.20746 4.601407 9.200703 1.046446 44.43596 0 0 42.19538 84.39077
0 0 0 0 0 0 0 0 0 0 0 0 0 0 0 0 0 0 0 0 0 0 0 0 0 0 0 0 0 0 2.108139 0 20.02688 0 0 50.46784 15.93721
0 0 0 0 0 0 0 0 0 0 0 0 0 0 0 0 0 0 0 0 0 0 0 0 0 0 0 0 0 0 0 0 12.56943 0 0 200.4722 22.64996
0 0 0 0 0 0 0 0 0 0 0 0 0 0 0 0 0 0 0 0 0 0 0 0 0 0 0 0 0 0 0 5.93 0 0 0 83.24666 77.49
0 0 0 0 0 0 0 0 0 0 0 0 0 0 0 0 0 0 0 0 0 0 0 0 0 0 0 0 0 0 0 0 17.97292 0 0 479.2777 101.8465
0 0 0 0 0 0 0 0 0 0 0 0 0 0 0 0 0 0 0 0 0 0 0 0 0 0 0 0 0 0 0 0 0 0 0 211.68 635.04
0 0 0 0 0 0 0 0 0 0 0 0 0 0 0 0 0 0 0 0 0 0 0 0 0 0 0 0 0 0 0 0 0 0 0 3.278091 127.8456
0 0 0 0 0 0 0 0 0 0 0 0 0 0 0 0 0 0 0 0 0 0 0 0 0 0 0 0 0 0 0 0 0 0 0 0 0
0.5085192 0.03899415 0.06008014 0.1205538 1.595207 2.457752 0.4251547 0.5888667 2.175222 0.240564 3.035378 1.614993 0.1868025 0.7668007 0.795803 0.03647166 0.7357182 1.433303 1.572905 0.3176684 7.469421 0.6873199 0.9955122 2.517681 3.243799 6.782541 14.4904 39.15723 46.57316 20.76265 55.28651 60.95233 149.7743 295.8138 35.0428 4529.203 0
];

