food_web_filename = 'West_Coast_of_Peninsular_414';
crc = 'crc_9107441a';
n = 15;
l = 14;
b0 = [0.02 0.02 0.17 0.15 0.25 0.78 2.54 0.62 6.55 5.96 4.4 0.02 2.66 14.08 12.1590394088479].';
p = [0 0 0 0 0 0 0 0 0 0 0 0 0 1202.1504 0].';
q = [0 0.02 0.17 0.05 0.02 0.42 0.43 0.86 0.07 0 0.05 0 0.03 0 429.522522776362].';
r = [0.478999972 0.0596000031 0.6307001 0.8355 0.5949999 3.5178 22.83968 4.07339954 80.8138962 19.7037621 18.9552 0.026 417.620056 200.3584 0].';
F = [
0 0.018 0.396 0 0 0.006 0 0.18 0 0 0 0 0 0 0
0 0 0 0.01445545 0.001445545 0.04914852 0.001445545 0.07227723 0 0 0.007227723 0 0 0 0
0 0 0 0.1607426 0.01607426 0.5465248 0.01607426 0.8037129 0 0 0.08037129 0 0 0 0
0 0 0 0.06 0 1.23 0 0.06 0.135 0 0.015 0 0 0 0
0 0 0 0 0 0 0 0 1.3345 0.333625 0.294375 0 0 0 0
0 0 0 0 0 0.117 0.117 0.117 6.318 3.042 1.755 0 0.117 0 0.117
0 0 0 0 0 0 0 0 3.617976 3.617976 0 0 53.06365 0 0
0 0 0 0 0 0.3999 0 0.07998 0.3999 0 0 0 5.5986 1.51962 0
0 0 0 0 0 0 0 0 12.7297 18.38734 14.14411 0 11.31529 4.243233 82.03583
0 0 0 0 0 0 0 0 3.28396 3.28396 0 0 19.70376 6.56792 32.8396
0 0 0 0 0 0 0 0 3.69952 2.77464 0.92488 0 4.6244 4.6244 29.59616
0 0 0 0 0 0 0 0 0.007 0.007 0 0 0 0.056 0
0 0 0 0 0 0 0 0 0 0 0 0 74.48 484.12 186.2
0 0 0 0 0 0 0 0 0 0 0 0 0 0 0
0.121 0.0484 0.4268 0.379302 1.32998 5.413626 36.8954 1.75163 30.44605 14.5289 10.01784 0.044 158.2473 500.6609 0
];

