food_web_filename = 'West_Coast_of_Sabah_305';
crc = 'crc_8eaccb68';
n = 29;
l = 28;
b0 = [0.23 0.03 0.15 0.462221 0.05 0.00604960648 0.141011968 0.116037153 0.31 0.359146267 0.3750784 0.366608679 0.861151 1.99 1.26 0.57 0.181832924 0.277066261 0.09857015 0.0703653842 0.229908451 0.9022427 0.284856856 4.96254063 5.05828428 1.56723058 30.71571 10.5548639 120].';
p = [0 0 0 0 0 0 0 0 0 0 0 0 0 0 0 0 0 0 0 0 0 0 0 0 0 0 565.7833782 901.807571616 0].';
q = [0.06 0.03 0.03 0.17 0.01 0.01 0.02 0.05 0.06 0.02 0.09 0.02 0.38 0.08 0.02 0.005 0.005 0.005 0.005 0.02 0.01 0.22 0.005 0.005 0 0 0 0 627.465376612831].';
r = [1.6279999 0.219360009 0.72 2.41279364 0.3374737 0.0315789431 0.689548552 0.708986938 1.8076632 1.41862774 1.35778379 1.56541908 5.55442333 16.19276 10.2217484 4.30353737 1.17282236 1.78707719 0.4475085 0.4925577 3.1083622 12.1983213 52.9833755 75.0336151 151.748535 246.055191 94.2972297 150.301261936 0].';
F = [
0 0 0 0.437 0 0 0.2185 0.0437 0.2185 0.437 0.2185 0.2185 0.0874 0.0437 0.0437 0.0437 0.0437 0.0437 0.0437 0.0437 0 0 0 0 0 0 0 0 0
0 0 0 0.0776 0 0 0.0388 0 0 0.0388 0.0776 0.0388 0.0388 0 0 0 0 0 0 0 0.01058182 0.02116364 0.007054545 0 0 0 0 0 0
0 0 0 0 0 0 0 0 0 0 0 0 0 0 0 0 0 0 0 0.0975 0.04875 0.195 0.14625 0.39 0.04875 0 0 0 0.04875
0 0 0 0.04021323 0 0 0 0 0 0.2010661 0.4021323 0.2010661 0.522772 0.2010661 0.2010661 0.2010661 0.08042645 0.2010661 0.04021323 0 0.08042645 0.6031984 0.2010661 0.8042645 0.04021323 0 0 0 0
0 0 0 0 0 0 0 0 0 0.02175 0 0 0.1305 0.02175 0.02175 0.02175 0.02175 0.02175 0.02175 0.02175 0.06525 0.0435 0.0087 0.0087 0.00435 0 0 0 0
0 0 0 0 0 0 0 0 0 0.002631579 0.002631579 0 0.01052632 0.002631579 0.005263158 0.005263158 0.005263158 0.002631579 0.005263158 0 0.005263158 0.002631579 0 0.002631579 0 0 0 0 0
0 0 0 0.01226804 0 0 0 0 0 0.06134021 0.06134021 0.06134021 0.1840206 0.1226804 0.1226804 0.1226804 0.1226804 0.1226804 0.02453608 0 0.1226804 0.06134021 0 0.02453608 0 0 0 0 0
0 0 0 0 0 0 0 0 0 0 0 0.05047616 0.1514285 0.05047616 0.05047616 0.05047616 0 0.05047616 0 0 0 0 0.1009523 0.2523808 0.1514285 0 0 0 0.1009523
0 0 0 0.02697 0 0 0 0 0.05394 0 0.08091 0 0.13485 0 0 0 0 0 0 0 0.2697 0.40455 0.5394 0.8091 0.13485 0.13485 0 0 0.10788
0 0 0 0 0 0 0 0 0 0.02602987 0 0 0.02602987 0.2602987 0.02602987 0.02602987 0 0.02602987 0 0 0.1041195 0.1301493 0.1301493 0.2602987 0 1.301493 0 0.5205973 0
0 0 0 0 0 0 0 0 0 0 0 0 0 0 0 0 0 0 0 0 0 0.4444679 0.5926239 0.2963119 0 1.185248 0 0.2963119 0.148156
0 0 0 0 0 0 0 0 0 0 0.02896209 0 0 0 0 0 0 0 0 0 0 0.4344313 0.4344313 0.2896209 0 1.274332 0 0.2896209 0.1448104
0 0 0 0 0 0 0 0 0 0 0 0 0.09257373 0.09257373 0.09257373 0.09257373 0.09257373 0.09257373 0 0 0 0 1.388606 2.314343 2.777212 1.851475 0 0 0.3702949
0 0 0 0 0 0 0 0 0 0 0 0 0 0 0 0 0 0 0 0 0 0 3.208875 9.84055 1.069625 5.1342 0 1.069625 1.069625
0 0 0 0 0 0 0 0 0 0 0 0 0 0 0 0 0 0 0 0 0 0 2.03175 6.09525 0.67725 2.709 0 1.3545 0.67725
0 0 0 0 0 0 0 0 0 0 0 0.1237879 0 0 0 0 0 0 0 0 0 0.3713636 0.9284091 2.785227 0.3094697 1.237879 0 0 0.3713636
0 0 0 0 0 0 0 0 0 0 0 0 0 0 0 0 0 0 0 0 0.0977352 0.0977352 0.3909408 0.5864112 0.1954704 0.3909408 0 0 0.1954704
0 0 0 0 0 0 0 0 0 0 0 0 0 0 0 0 0 0 0 0 0 0 0.4467693 1.340308 0.1489231 0.714831 0 0.1489231 0.1787077
0 0 0 0 0 0 0 0 0 0 0 0 0 0 0 0 0 0 0 0 0 0 0 0 0 0.07442046 0.4465228 0.2232614 0
0 0 0 0 0 0 0 0 0 0 0 0 0 0 0 0 0 0 0 0.01759135 0.008795673 0 0.08795673 0.08795673 0.06156971 0.08795673 0 0.08795673 0.4397837
0 0 0 0 0 0 0 0 0 0 0 0 0 0 0 0 0 0 0 0 0.05034995 0.2013998 0.2013998 1.913298 0.6545494 0.1510499 0.1006999 0 1.762248
0 0 0 0 0 0 0 0 0 0 0 0 0 0 0 0 0 0 0 0 0 0.1975912 5.927735 3.951823 0.9879558 0 0 0.9879558 7.706055
0 0 0 0 0 0 0 0 0 0 0 0 0 0 0 0 0 0 0 0 0 0 0 0 0 35.32225 0 44.15281 8.830563
0 0 0 0 0 0 0 0 0 0 0 0 0 0 0 0 0 0 0 0 0 0 0 0 40.79208 13.59736 13.59736 6.798681 61.18813
0 0 0 0 0 0 0 0 0 0 0 0 0 0 0 0 0 0 0 0 0 0 0 0 0 12.64571 0 12.64571 227.6228
0 0 0 0 0 0 0 0 0 0 0 0 0 0 0 0 0 0 0 0 0 0 0 0 0 21.94123 0 307.1772 109.7061
0 0 0 0 0 0 0 0 0 0 0 0 0 0 0 0 0 0 0 0 0 0 0 0 0 0 0 0 0
0 0 0 0 0 0 0 0 0 0 0 0 0 0 0 0 0 0 0 0 0 0 0 0 0 0 0 0 0
0.497 0.09984 0.225 0.8444778 0.08752632 0.01105263 0.2599556 0.2068362 0.5568968 0.6100099 0.6432595 0.6168191 1.944048 4.324562 2.739713 1.255423 0.4104878 0.6254771 0.1562337 0.1864683 1.052981 4.132272 18.54418 28.88199 53.11198 93.01513 457.3416 375.7532 0
];

