food_web_filename = 'West_Scotland_DeepSea_443';
crc = 'crc_12a5a123';
n = 34;
l = 33;
b0 = [0.02 0.013 0.7 0.019 0.15 0.013 1.3 0.0262257084 0.2 0.1 3.973587 7 0.6 1.1595329 0.645843 0.1 1.2 0.004 1.82662952 0.012 22.43007 1.50719988 0.11047215 0.109342806 1.19780147 4.421469 12.6084433 56.301075 47.85896 10.2 3.12 6.86 41.76 120.148661541692].';
p = [0 0 0 0 0 0 0 0 0.2158 0 0 15.876 0 0 0 0 0 0 2.36574263703196 0 0 0 0 0 0 0 0 0 0 0 0 0 3507.84 0].';
q = [0 2.9999855561122e-08 1.29999505841705e-07 9.99504236111445e-09 9.99822391631512e-08 1.00032673424304e-09 1.10017340241301e-08 0 2.00001584472733e-08 2.00024183011337e-07 1.10000017065006e-07 0.0414300078349922 1.10000137593215e-07 0.220309317529736 0.153394076271407 5.29599633899093e-05 1.99940841914099e-08 1.99999998399686e-08 0 1.00014740218518e-08 0 1.99990818599781e-08 2.09997167648874e-08 2.00000011954771e-08 0 0 0 0 0 0 0 1.20000002626204e-08 0 1632.03635736636].';
r = [0.106941696503744 0.0278198660570138 0.909996507892061 0.0247257345935199 0.21266224669576 0.0142526553094949 1.05316608341501 0.12236830064986 0.14800115950972 0.227027460719439 31.2165048428161 22.0499988477333 0.954001193308424 1.252297186923 0.768586366090119 0.144999899764669 1.57153501744482 0.00740000041078838 1.443037354265 0.024363590717231 85.9071642311614 3.84921164612434 0.326330298597834 0.299599317908205 5.62966704730947 17.2437282860264 28.0271743225455 279.534830726678 708.31263753339 69.7680188819868 13.7279990109272 34.3000007506568 584.639950000005 0].';
F = [
0 4.60881681014887e-06 4.60882148079983e-06 4.47106730683379e-06 0.00108424039562414 0 0 0 0 0 0 0.0874323754310467 0 0 0 0 0 0 0 0 0 0.00135493779601352 0 0 0.000677770405695712 0.00027110817305268 0 0.0258804981230115 0.00935323249562652 0 0 0.00948500020757958 0 0
0 3.96495991009607e-08 0 0 0 0 0 3.96497931267489e-08 3.96501041200556e-08 0 0 0.00792995858560418 0 3.9649843727448e-09 0 0.00662151042269137 0 3.96497896827394e-08 3.96497857209288e-08 3.9655634465688e-09 0.00646291556600224 0.00396479697970471 0 0 0.00555097104664814 0.00792995821178651 0.000158599212576864 0.000634396653990251 0 0 0 0.000396497908677371 0 0
1.26046745550983e-05 0 1.25997121055699e-06 0 0.0100780197413912 1.26038767730461e-07 0.00630087310399427 1.25997609936064e-06 1.25998598198808e-06 1.26012835006946e-06 0 0.0642587666420299 1.25997757603771e-06 0 0 1.25997512900612e-06 0.0818742152252568 1.25997598991821e-06 1.2599758640213e-06 1.26016172321568e-06 0.194039986969825 0.0125994215717862 1.25995900621694e-08 0.0126000007531506 0.86940000730609 0.00755985524857361 0 0.00125997590861999 0 0 0 0 0 0
0 0 0 3.49040872309422e-08 0 3.4932810017195e-08 0 3.4921402753872e-08 0 0.00111762012076212 0.000453978370428569 0.000349599981730955 0 0 0 0 0 3.4921399720574e-08 3.49213962312245e-08 0 0.0155921589529552 0.00310786232081106 0 3.49214120873873e-09 0.00502868204225903 0.00928909307669268 0 3.49213974673184e-06 0 0 0 0 0 0
0 3.01594747926109e-07 0 0 0.00633239611366841 0 0 0 0 0 9.04788740365666e-05 0.223482788321461 0 0 0 0 0 0 0 7.23937594256362e-05 0.00150798089873605 0.0030148615903917 0.0241273745803893 0 0.00211117401774146 0.0093494810706903 0 0.00392075071564674 0 0.00301500124812525 0 0.0244215005344654 0 0
0 0 0 0 0 2.10596986772066e-08 0 0 0 0 0 0 0 0 0 0 0 0 0 0 0 0 0 0.00210600012588374 0 0 0 0.000884218435871875 7.15795937929929e-06 0.00663390274624813 0 0.0114355802502681 0 0
0 0 0 0 0 0 0 0 0 0 0 0 0 0 0 0 0 0 0.269879970874102 0 0.469559968468105 0 0 0 0.183610401542988 0.483691651922536 0.0187200014844898 0.0218399984160496 0.011544000611715 0.0296400122701269 0 0.0717600015704703 0 0
0 0 0 0 0 0 0 0 0 0 0 0 0 0 0 0 0 0 0 0 0.060002315970724 0 0 0 0 0.106196589444385 0 0.011046449198854 0.0256076813569475 0.0441858282916833 0 0.0042679480934042 0 0
0 2.59995548211798e-07 2.59995811695574e-07 0 0.0025995062239254 2.60081749857641e-07 0 2.59996820503127e-07 2.59998859789201e-07 2.6002823752781e-07 0 0.0129999993206591 0 2.59997152308664e-07 2.60008019883411e-07 2.59996620269894e-07 2.59919895434859e-07 0 2.59996771940714e-07 2.6003512409646e-07 0 0.00259988064179715 0.00675982682637449 0.00649992138852534 0.0103998700873964 0.0018199778190998 0 0 0 0 0 0.000519993711380081 0 0
0 0 0 0 0 0 0 0 0 0 0 0 0 0 0 0 0 0 0 0 0.0968008534996282 0.0144993343484841 0 0 0.0191283101607467 0.112741088793882 0.00144911511491434 0.00115929191592211 3.18805216893445e-06 0.000173893871987145 0 0.0440800009646924 0 0
0 0 0 0 0 0 0 0 0 0 0 0 0 0 0 0 0 0 0 0 10.7863892756723 0 0 0 0 0.161593783938074 15.7150012461943 10.4631992411543 0.0129275006850265 3.23187733790582 0 0.0403984508841216 0 0
0 0 0 0 0 0 0 0 0 0 0 0.314999983539047 0 0 0 0 0 0 0 0 0.787499947117797 0 0 0 0.0315000002647134 5.3549994677295 0 8.977499348905 0.157500008345904 0 0 0 0 0
0 0 0 0 0 0 0 0 0 0 0 0.580798269649227 0 0 0 0 1.31960555781622e-06 1.31999598943796e-06 1.31999585754384e-06 0 0 0.0131993940275855 0 0 0.723360006078828 0.00263999173759293 0 0 0 0 0 0 0 0
0 1.85337607663834e-07 1.85337795488022e-06 0 0 1.85399056434504e-07 0.0185367716493749 0.00926692673078193 1.85339968318998e-06 1.85360910215233e-06 1.05643016389077 0.56898927026633 0 1.85338751142935e-06 0 1.85338371879545e-06 1.85283678645482e-06 1.85338498517001e-06 1.85338479997961e-07 1.85365819299898e-07 0 0.0185329991665278 0 1.85338511078397e-07 0.0889624907476052 0.00741354026311687 0 0.0871090936823949 0 0 0 0 0 0
0 1.16251040291644e-07 1.16251158102366e-07 0 1.1623095274299e-07 1.16289583378528e-07 0.0116269925734506 0.00581258145837521 1.16252520987452e-07 0 0 0 0 1.16251757526731e-07 0 1.16251519637809e-07 0 0 0 0.000116268835754611 0.0581258660967313 0.232492826461571 0 1.16251606948806e-07 0.0558007804689275 0.326667367530267 0 0.00110439191990375 0 0.174377672187425 0.180190204081151 0.116251702544173 0 0
0 0 0 0 0 0 0 0 0 0 0 0 0 0 0 0 0 0 0 0 0 0.0037760506448807 0 0 0.0142657301198835 0.140349686049672 0 0 0 0.00125874152108339 0 0.050349651101904 0 0
0 0 0 0 0 0 0 0 0 0 0 0 0 0 0 0 0 0 0 0 0 0.0107995042043882 0 0 0.0258941102176038 0.20715287940964 1.50984011972981 0.0366833173395348 0.00431568522868757 0.183416675929317 0.0302097906842255 0.151049003305713 0 0
0 0 0 0 0 0 0 0 0 0 0 0 0 0 0 0 0 0 0 0 0.00303432879623873 0 0 0 5.76138304841636e-05 0.00623189538056874 1.92046115229192e-05 6.72161351251359e-05 4.51308323914767e-06 9.60230897508436e-06 2.78466806307031e-06 0.000172841503782643 0 0
0 0 0 0 0 0 0 0 0 0 0 0.0310464883776038 0 0 0 0 0 0 0 0 0.167651088741893 0 0 0 0.176965001487143 0.310464869140746 0 0.00279418379735124 0 0.000931395085571226 0 0.0496743910871259 0 0
0 0 0 0 0 0 0 0 0 0 0 0.00380639280108934 0 0 0 0 0 0 0 4.69066031167903e-05 0 0.00892838610575225 0.00164637779436718 0.00164640009841168 9.40800007906107e-05 0.00845885915921538 0 0.00188159986353658 0 0.000469936894540585 0 0.00662601314501054 0 0
0 0 0 0 0 0 0 0 0 0 0 0 0 0 0 0 0 0 0 0 6.72902054813275 0 0 0 0 0 0 94.2062831676698 33.6451117828499 0 0 0 0 0
0 0 0 0 0 0 0 0 0 0 0 0 0 0 0 0 0 0 0.684443826133678 0 0 0.0532017175565686 0 0 0.0478837404023958 1.90103581104288 0 0.228777883407837 0.329865817479545 0.260700507922638 0.0585245713255307 1.75573703842437 0 0
0 0 0 0 0 0 0 0 0 0 0 0.261447386337545 0 0 0 0 0 0 0 0 0 0.00450705708502662 0 0 0.0450771503788104 0.000270462873116821 0.00225385717873012 0.00450771367307713 0.000135231407165894 0.0270463011964038 0.0513879411638922 0.0540871611836995 0 0
0 0 0 0 0 0 0 0 0 0 0 0 0 0 0 0 0 0 0.0347928762450946 0 0 0 0 0 0 0.0109233489142527 0 0.0012137049119758 4.0456832143802e-08 0.00485482200975902 0.00485482010995745 0.347928807614435 0 0
0 0 0 0 0 0 0 0 0 0 0 0 0 0 0 0 0 0 0 0 1.29362591313042 0 0 0 0.539010704529631 0.970219103563202 0.970219276938062 4.20428269508353 0.862417145699367 0.970219601643477 0 0.970219221233283 0 0
