food_web_filename = 'West_Coast_Vancouver_Island_172';
crc = 'crc_add6a0ae';
n = 15;
l = 14;
b0 = [0.6 0.15 1.134 0.919 0.149 8.5 6.1 3.622 0.210805327 18.6104774 0.388070881 10.6287613 15.72961 35.7839661 43.1665383517377].';
p = [0 0 0 0 0 7.28875 0 0 0.09064629061 0 0 0 0 5281.71339636 0].';
q = [0.0337623335905807 0.0200006178277389 0.02499862648434 0.129999653077793 0 1.65008777488541 2.05000010513041 0 0.00989088611236142 0 0.00299999759660381 0 0 0 2443.93909075897].';
r = [1.47566499091088 0.384011862292586 1.5875128715123 1.213076932735 0.397333646325095 12.5806692170051 15.4330007914525 27.5923952316813 0.619260306553703 699.753923625825 3.49263520193571 95.6588719675378 1100.75808414113 880.285521110003 0].';
F = [
0.00197955050368226 0.0039601223298923 0.00197989133635321 0.00197999471610793 0.00990000803108687 0.495026332465623 0.617760031680665 0.6316199434975 0.0430846999054463 0.164340005548619 0.00791999365503405 0 0 0 0
0 0.000570017608090558 0 0 0.00114000092479182 0.330617586895222 0.00285000014615691 0.00569999949009808 0 0.222870007524771 0.00569999543354723 0.000570000071310661 0 0 0
0 0 0 0.00204119455278763 0.0347004281496896 0.398055174174994 0.0265356013608286 0.0979775912352691 0.0121135660395313 1.43496404844876 0.0347003722003969 0 0 0 0
0 0 0 0 0.00220560178922881 0.341886186317894 0.441120022622013 0.132335988161688 0.00218153384094243 1.17558503969133 0.110279911651156 0 0 0 0
0 0 0 0 0 0.0127153463810317 0 0.0905919818959597 0 0.588053319854472 0.059599952252529 0.0397333349708948 0.00397333330371865 0 0
0 0.0212506564419726 0 0 0.021250017238444 1.12761098221807 0.106250005448832 0.956249914457244 0.021018132988768 11.7087503953231 0 0 0 0 0
0 0 0 0 0 0 0 0 0 24.0340008114611 0 0.244000030525967 0.12200000932559 0 0
0 0 0 0 0 0 0 0 0 34.050421149646 0 2.00296625058391 4.00593230621049 0 0
0 0 0 0 0 0 0 0 0 0.271938909181486 0 0.271938934021303 0.271938920786809 0 0
0 0 0 0 0 0 0 0 0 14.5161704901102 0 264.920133143206 348.38812663053 581.856570288673 0
0 0 0 0 0 0 0 0 0 0.0465685115722949 0 0.0465685158260197 0.0465685135596626 0 4.51714132829447
0 0 0 0 0 0 0 0 0 0 0 5.10180563826857 244.886718718959 344.371882415347 43.3653147510108
0 0 0 0 0 0 0 0 0 0 0 0 0 2594.91386749598 288.32356563956
0 0 0 0 0 0 0 0 0 0 0 0 0 0 0
0.46814369866122 0.140224331590277 0.426596586825761 0.858496508982322 0.328137566191834 4.31446150376935 5.72248429346688 10.552449056015 0.198913929155061 421.71341423833 0.943011444522689 269.439133708562 1184.75409056172 880.285555050001 0
];

