food_web_filename = 'Yucatan_320';
crc = 'crc_b5194c3c';
n = 21;
l = 20;
b0 = [0.03154574 0.181 0.294640958 0.09715596 0.178406313 2.347022 0.8186833 1.31924546 0.035 0.0108183287 2.576888 1.60883272 1.05516076 2.48764825 4.296741 9.988175 21.5711918 1.70416915 7.953196 6.596953 9].';
p = [0 0 0 0 0 0 0 0 0 0 0 0 0 0 0 0 0 0 434.2445016 110.8288104 150].';
q = [0.005 0.031 0.005 0.003 0 0.015 0.001 0.003 0.008 0.001 0 0.001 0.013 0.001 0 0 0 0 0 0 1.84588173433843].';
r = [0.234794945 0.575399 0.8833337 0.6284047 1.35713685 3.98993683 9.129956 8.021012 0.122744992 0.0501645878 10.3075523 9.114037 8.710352 24.8292179 17.4447689 146.83017 175.158066 184.9078 72.3740836 18.4714684 0].';
F = [
0 0.05813881 0.03212934 0.0388612 0 0.04895899 0.02600947 0.03059937 0 0.0009179812 0.003059937 0.02141956 0.02141956 0.0244795 0 0 0 0 0 0 0
0 0 0.0865904 0.0183172 0.066608 0.1265552 0.1856698 0.066608 0 0 0.0799296 0.049956 0 0.1523658 0 0 0 0 0 0 0
0 0 0 0 0 0.2787303 0.5409903 0.2077808 0 0.006334781 0 0.06334781 0.1520347 0.01140261 0 0 0 0.006334781 0 0 0
0 0 0 0 0 0.06052817 0.09252163 0.1037626 0 0 0 0 0.3934331 0.2144426 0 0 0 0 0 0 0
0 0 0 0 0 0.1784063 0 0.07136253 0 0 0.1248844 0 0.5173783 0.6422627 0.1427251 0.1070438 0 0 0 0 0
0 0 0 0 0 0 0 0 0 0 4.928746 1.232187 0 0.4107289 1.642915 0 0 0 0 0 0
0 0 0 0 0 0.8768098 0 0 0 0 0 0 0 2.505171 0.6262927 6.262927 1.252585 1.002068 0 0 0
0 0 0 0 0 0.8548711 0 0 0 0 0.6197815 0 0 1.56014 0.5342944 1.880716 2.628729 2.607357 0 0 0
0 0 0 0 0 0.0091 0 0.0182 0 0 0 0 0.008918 0.0182 0.0364 0.052962 0.01092 0 0 0.0273 0
0 0 0 0 0 0.003678232 0 0 0 0 0.002942585 0 0.001471293 0.007356464 0.005149524 0.02582119 0.003678232 0.02346712 0 0 0
0 0 0 0 0 0 0 0 0 0 1.095177 0 0 4.38071 2.190355 6.571064 3.285532 2.190355 0 2.190355 0
0 0 0 0 0 0 0 0 0 0 0 0 0 1.055394 2.638486 5.276971 2.638486 0.6596214 0 0.92347 0
0 0 0 0 0 0 0 0 0 0 0 0 0 1.728353 0 4.357919 0.9876305 4.431992 0 0.8394859 0
0 0 0 0 0 0 0 0 0 0 0 0 0 0 2.388142 9.552569 23.88142 7.164427 0 4.776285 0
0 0 0 0 0 0 0 0 0 0 0 0 0 0 0 1.761664 1.761664 10.56998 7.046655 14.09331 0
0 0 0 0 0 0 0 0 0 0 0 0 0 0 0 13.55545 40.66636 0 81.33271 0 135.5545
0 0 0 0 0 0 0 0 0 0 0 0 0 0 0 17.1491 17.1491 0 0 51.44729 257.2365
0 0 0 0 0 0 0 0 0 0 0 0 0 0 0 0 0 0 255.3975 13.44198 0
0 0 0 0 0 0 0 0 0 0 0 0 0 0 0 0 0 0 0 0 0
0 0 0 0 0 0 0 0 0 0 0 0 0 0 0 0 0 0 0 0 0
0.06619874 0.1680622 0.2599028 0.1761049 0.3603183 1.772002 2.549707 2.163563 0.051255 0.01514728 4.741474 2.710481 2.527374 10.22162 7.583748 57.72466 73.55776 55.27609 18.09352 4.617867 0
];

